1515496478694, -3.8115692, 3.1316159, 9.136273
1515496478714, -1.8195933, 2.5570073, 10.151415
1515496478734, -0.18195933, 1.4748282, 11.195287
1515496478755, 0.7565677, -0.019153614, 8.772355
1515496478774, 1.8483237, 0.08619126, 9.998186
1515496478794, 0.7469909, 1.6567876, 9.299079
1515496478814, 1.6950948, 0.5746084, 8.801085
1515496478834, 0.80445176, 0.038307227, 10.199299
1515496478856, 0.18195933, 0.30645782, 14.499286
1515496478874, 0.019153614, -0.90979666, 10.151415
1515496478894, 0.545878, -0.4213795, 9.3661175
1515496478914, 1.2737153, -0.17238252, 13.187263
1515496478934, -0.7086837, -1.1779473, 11.683704
1515496478954, -0.05746084, -3.1986535, 10.888829
1515496478974, 2.9783869, -4.0222588, 10.103531
1515496478994, 1.1587936, -0.92895025, 9.950302
1515496479014, -0.4213795, -0.9768343, 7.469909
1515496479034, 0.82360536, -1.1013328, 7.6135616
1515496479054, 2.0111294, -0.6991069, 8.322245
1515496479074, 1.7046716, -0.35434186, 9.107543
1515496479094, 1.1492168, -0.095768064, 10.783484
1515496479114, 1.3120226, 0.12449849, 11.60709
1515496479134, 1.484405, 0.16280572, 9.471462
1515496479154, 1.3982137, 0.6607997, 7.335834
1515496479174, 1.2066777, 0.545878, 9.155427
1515496479194, 0.5746084, 0.7469909, 9.825804
1515496479214, 2.3463178, 0.8331822, 8.66701
1515496479234, 2.3080103, 1.1587936, 7.929596
1515496479254, 1.3503298, 1.292869, 9.14585
1515496479274, 0.641646, 1.3120226, 10.496181
1515496479294, 1.1492168, 1.541866, 12.08593
1515496479314, 0.7374141, 1.8195933, 10.745177
1515496479334, 1.2258313, 1.6184803, 9.959879
1515496479383, 2.0015526, 1.6663644, 9.500193
1515496479383, 2.480393, 2.078167, 8.37013
1515496479395, 2.8060043, 2.2601264, 6.493075
1515496479414, 5.9663506, -0.37349546, 3.5434184
1515496479437, 4.903325, 4.1659107, 5.9759274
1515496479454, 0.9864111, 7.7093296, 7.0102224
1515496479474, 0.20111294, 4.999093, 6.253655
1515496479494, 5.9663506, 0.5650316, 4.453215
1515496479514, 2.920926, 0.1340753, 6.694188
1515496479534, -0.6607997, 8.542512, 18.962078
1515496479554, 2.1260512, 9.797073, 9.643845
1515496479574, 4.5202527, 2.9975405, 6.349423
1515496479594, 3.4284968, 2.873042, 4.185065
1515496479614, 4.1659107, 2.6719291, 1.8100165
1515496479634, 5.506664, 2.633622, -4.003105
1515496479654, 0.4213795, 6.5218053, -7.345411
1515496479674, 5.554548, 8.418014, -6.9048777
1515496479694, 4.8841715, 10.419566, -4.8841715
1515496479713, 2.1164744, 11.33894, -3.217807
1515496479734, 2.5570073, 8.599973, -2.7485435
1515496479753, 2.1164744, 7.9487495, -3.8115692
1515496479774, 0.6607997, 9.672575, -4.280833
1515496479794, 0.80445176, 11.089942, -5.1235914
1515496479813, 1.9728222, 11.252748, -5.93762
1515496479834, 2.528277, 9.615114, -6.2632318
1515496479854, 1.7429788, 8.743625, -6.4164605
1515496479874, 2.5570073, 7.1059904, -6.6654577
1515496479889, 3.5338416, 6.0238113, -6.7803793
1515496479910, 3.5338416, 6.0238113, -6.7803793
1515496479930, 0.48841715, 8.054094, -4.1659107
1515496479950, -0.08619126, 8.207323, -5.5641246
1515496479970, 1.1779473, 6.6846113, -6.0142345
1515496479990, 1.8483237, 6.7708025, -4.721366
1515496480010, 4.4723687, 9.011775, -5.985504
1515496480030, 4.5298295, 10.170568, -7.9870567
1515496480050, 1.8004397, 9.701305, -5.66947
1515496480070, 1.7525556, 4.453215, -8.90643
1515496480090, -0.4309563, 4.817134, -5.506664
1515496480110, 2.5187001, 10.141838, 2.9400797
1515496480130, -0.019153614, 9.32781, 3.3135753
1515496480150, -5.5162406, 19.536686, 4.999093
1515496480170, -0.17238252, 14.326903, 2.5761611
1515496480190, 1.5227122, 9.519346, -0.2777274
1515496480210, 2.834735, 7.8146744, -3.916914
1515496480230, 2.5953147, 9.059659, -1.8579005
1515496480250, -0.7757214, 9.107543, -1.9249382
1515496480270, 0.89064306, 9.500193, 0.9672575
1515496480291, 1.685518, 9.270349, 0.17238252
1515496480310, 2.681506, 10.97502, -0.90021986
1515496480331, 2.5378537, 13.455414, -2.6623523
1515496480350, 0.37349546, 8.829816, -2.4708161
1515496480371, 1.5227122, 9.519346, -3.122039
1515496480391, 1.1587936, 8.331821, -4.6926355
1515496480411, 1.1492168, 8.063671, -3.1411927
1515496480431, 2.72939, 10.955867, 10.46745
1515496480450, 0.93852705, 10.879252, 0.90021986
1515496480471, 3.1411927, 9.155427, -2.681506
1515496480491, 3.5338416, 4.8841715, -5.793968
1515496480511, 3.41892, 2.2026656, -3.6487634
1515496480530, 1.9249382, 2.0685902, -0.30645782
1515496480550, -0.2873042, 8.944737, 3.8977604
1515496480570, 9.844957, -0.2777274, -8.073248
1515496480591, -8.734048, 22.380997, 4.5777135
1515496480611, -6.291962, 29.343336, 8.169016
1515496480631, -0.7661445, 8.475474, 1.043872
1515496480651, -0.4213795, 9.040505, -0.009576807
1515496480671, 0.2873042, 8.695741, -0.9864111
1515496480691, -0.009576807, 9.902418, 0.45010993
1515496480711, -0.46926352, 9.375694, 1.6472107
1515496480731, -0.009576807, 9.279925, 1.8195933
1515496480751, -0.2681506, 10.505757, 2.0398598
1515496480771, 0.009576807, 10.170568, 0.63206923
1515496480791, 0.1340753, 8.973468, -1.1109096
1515496480811, 0.38307226, 10.477027, 1.484405
1515496480831, -0.009576807, 9.720459, 1.2737153
1515496480851, -0.30645782, 10.237606, 1.5993267
1515496480871, -0.2681506, 10.553641, 1.4556746
1515496480891, -0.49799395, 10.0748005, 1.3503298
1515496480911, -0.49799395, 9.394848, 1.13964
1515496480931, -0.59376204, 9.643845, 1.5035586
1515496480951, -0.5363012, 10.228029, 1.5227122
1515496480971, -0.45968673, 10.342952, 1.532289
1515496480991, -0.39264908, 9.682152, 1.4460979
1515496481011, -0.63206923, 10.333375, 0.92895025
1515496481031, -0.40222588, 10.180145, 0.79487497
1515496481051, 0.34476504, 9.308656, 0.1340753
1515496481071, 2.6623523, 8.159439, 1.0630256
1515496481091, -2.2409728, 10.67814, 1.9153614
1515496481111, -0.6703765, 9.921572, 2.4708161
1515496481131, -0.7086837, 9.414001, -0.4213795
1515496481151, -0.15322891, 8.331821, -0.5746084
1515496481171, -0.47884035, 9.959879, 0.21068975
1515496481191, -0.12449849, 10.007763, 0.49799395
1515496481211, -0.076614454, 9.931149, 0.7565677
1515496481231, -0.10534488, 9.873688, 0.7757214
1515496481251, 0.019153614, 9.883265, 0.842759
1515496481271, 0.076614454, 9.950302, 0.5267244
1515496481291, -0.02873042, 9.911995, 0.33518824
1515496481311, -0.21068975, 10.0748005, 0.5554548
1515496481331, -0.24899697, 9.816227, 0.545878
1515496481351, -0.38307226, 9.691729, 0.4405331
1515496481371, -0.20111294, 9.653421, 0.80445176
1515496481391, -0.2777274, 10.0269165, 0.91937345
1515496481411, -0.30645782, 9.921572, 1.0534488
1515496481431, -0.21068975, 10.04607, 1.1875241
1515496481452, -0.23942018, 10.113108, 1.2449849
1515496481471, -0.36391866, 9.873688, 1.4077905
1515496481491, -0.51714754, 10.199299, 1.4939818
1515496481512, -0.6991069, 10.754754, 1.8579005
1515496481531, -0.6607997, 10.668563, 2.4516625
1515496481552, -0.41180268, 11.769896, 2.930503
1515496481571, -0.62249243, 11.865664, 1.982399
1515496481591, -1.5227122, 10.237606, 1.6950948
1515496481611, -1.7908629, 8.264784, 3.074155
1515496481631, -0.50757074, 8.90643, 1.9919758
1515496481651, -0.2681506, 10.0269165, 2.6048915
1515496481671, 0.02873042, 10.247183, 3.064578
1515496481691, 0.60333884, 10.553641, 2.873042
1515496481711, 1.1300632, 10.036493, 2.882619
1515496481731, 1.3024458, 9.576807, 3.2561142
1515496481751, 1.0534488, 7.192182, 1.6759412
1515496481771, 0.02873042, 6.7708025, 3.2465374
1515496481791, 0.6799533, 7.374141, 3.0454245
1515496481811, 1.292869, 7.833828, 3.323152
1515496481831, 1.4748282, 7.7572136, 3.7062242
1515496481851, 1.5035586, 7.565677, 3.7062242
1515496481871, 1.532289, 7.5465236, 3.6870706
1515496481891, 1.5035586, 8.00621, 4.050989
1515496481911, 1.6567876, 8.1881695, 4.223372
1515496481931, 1.8483237, 8.446744, 4.3287168
1515496481951, 1.9536686, 9.002198, 4.3478703
1515496481971, 1.8483237, 9.346964, 4.280833
1515496481990, 1.5514427, 9.251195, 4.3861775
1515496482011, 1.1204864, 8.820239, 4.510676
1515496482031, 0.6607997, 8.90643, 4.367024
1515496482051, 0.37349546, 10.228029, 4.003105
1515496482071, 0.842759, 11.463438, 3.9073372
1515496482091, 0.6512229, 11.779472, 3.466804
1515496482111, 0.45968673, 13.158532, 3.1124623
1515496482131, -0.5650316, 14.12579, 2.8060043
1515496482151, -0.7661445, 11.310209, 3.5051112
1515496482171, -0.5363012, 6.445191, 2.8634653
1515496482191, 0.5554548, 8.283937, 2.2409728
1515496482211, 1.0534488, 8.236053, 0.6895301
1515496482231, 1.6472107, 9.423578, -0.076614454
1515496482251, 1.5897499, 10.04607, 0.08619126
1515496482271, 0.8714894, 9.682152, 0.18195933
1515496482291, 0.0, 8.781932, 0.641646
1515496482311, -0.5363012, 8.130709, 0.8331822
1515496482331, -0.7565677, 7.776367, 1.1779473
1515496482350, -0.6895301, 8.475474, 0.92895025
1515496482371, -0.038307227, 9.768343, 0.4405331
1515496482391, 0.90021986, 10.754754, 0.36391866
1515496482411, 1.3215994, 10.726024, 0.59376204
1515496482431, 0.9959879, 9.950302, 0.33518824
1515496482451, 0.545878, 8.63828, 0.7374141
1515496482471, 0.34476504, 8.465898, 1.1875241
1515496482491, 0.10534488, 8.39886, 1.2737153
1515496482510, 0.076614454, 8.724471, 1.0630256
1515496482531, 0.23942018, 9.136273, 1.0534488
1515496482551, 0.45968673, 9.251195, 1.292869
1515496482571, 0.58418524, 9.097966, 1.4173675
1515496482591, 0.8523358, 8.858546, 0.93852705
1515496482611, 1.0342951, 8.743625, 0.46926352
1515496482631, 0.94810385, 9.337387, -0.17238252
1515496482651, 0.5554548, 9.854534, -0.8810662
1515496482671, 0.39264908, 9.490616, -0.8619126
1515496482691, 0.60333884, 9.337387, -1.3120226
1515496482711, 1.1013328, 9.921572, -1.484405
1515496482731, 0.9864111, 10.266336, -1.6184803
1515496482751, 0.08619126, 12.105083, -1.0726024
1515496482771, 0.038307227, 13.417107, 0.5267244
1515496482791, 0.2873042, 13.072341, -1.0630256
1515496482811, 0.81402856, 14.106636, -1.6663644
1515496482831, 0.076614454, 13.809755, -0.8331822
1515496482851, -0.35434186, 12.77546, -3.3614593
1515496482871, -1.5705963, 11.87524, -2.27928
1515496482891, -2.6048915, 10.67814, -1.685518
1515496482911, -3.1890767, 10.563218, 1.1300632
1515496482931, -3.2273839, 10.43872, 2.078167
1515496482951, -1.6280571, 9.950302, -0.009576807
1515496482971, -0.16280572, 10.97502, 0.50757074
1515496482991, 0.30645782, 11.003751, 0.6799533
1515496483012, 0.05746084, 9.356541, 0.4309563
1515496483031, 0.6512229, 6.2728086, 3.6008794
1515496483051, 0.6512229, 6.694188, 1.4556746
1515496483071, 0.842759, 7.326257, 1.8674773
1515496483091, 0.93852705, 7.2209125, 2.3942018
1515496483111, 0.7374141, 6.4643445, 2.5378537
1515496483131, 1.091756, 4.548983, 1.5705963
1515496483151, 1.3694834, 4.271256, 1.7717092
1515496483171, 0.94810385, 5.209783, 2.384625
1515496483191, 0.8714894, 6.1770406, 3.0262709
1515496483211, 0.9672575, 7.067683, 3.7349546
1515496483231, 1.2162545, 8.274361, 4.5202527
1515496483252, 0.9768343, 8.992621, 2.5570073
1515496483271, 1.8291701, 12.29662, 3.6870706
1515496483291, 0.8810662, 12.765883, 4.1946416
1515496483311, 0.91937345, 10.515334, 6.655881
1515496483331, 1.2641385, 10.151415, 6.646304
1515496483351, 2.1164744, 14.259866, 5.6120086
1515496483371, -0.92895025, 11.731588, 2.9496565
1515496483391, -2.1068976, 13.148955, 2.9592333
1515496483411, -1.4939818, 12.813767, 3.0358477
1515496483431, -1.5705963, 11.731588, 0.90979666
1515496483451, -0.45010993, 9.653421, 0.4405331
1515496483471, 0.80445176, 7.881712, -0.5746084
1515496483491, 0.9672575, 7.345411, -0.78529817
1515496483511, 0.9768343, 7.0006456, -1.4652514
1515496483531, 0.51714754, 7.5944076, -0.7469909
1515496483551, -0.6703765, 10.371682, 0.38307226
1515496483571, -0.90979666, 12.095507, 1.283292
1515496483592, -0.641646, 11.118672, 1.388637
1515496483611, -0.08619126, 9.088389, 0.10534488
1515496483631, 0.05746084, 7.5944076, -0.45968673
1515496483651, 0.20111294, 7.038953, -1.043872
1515496483671, 0.22984336, 7.422025, -0.9959879
1515496483691, 0.6991069, 8.389283, -0.91937345
1515496483711, 0.641646, 9.011775, -0.36391866
1515496483731, 0.6512229, 8.42759, 0.076614454
1515496483751, 0.6703765, 7.9583263, 0.5746084
1515496483771, 0.92895025, 7.9104424, 0.4405331
1515496483791, 1.1492168, 8.39886, -0.32561144
1515496483811, 1.0821792, 9.059659, -1.1779473
1515496483831, 0.8714894, 9.576807, -1.2737153
1515496483851, 0.5746084, 9.816227, -0.82360536
1515496483871, 0.89064306, 9.576807, 0.6607997
1515496483891, 2.078167, 10.342952, -0.45010993
1515496483911, 2.930503, 10.97502, -1.4173675
1515496483931, 2.6240451, 11.281479, -0.8714894
1515496483951, 1.5227122, 11.865664, -0.37349546
1515496483971, -0.1436521, 13.790602, -1.3024458
1515496483991, -0.51714754, 14.346057, 0.4213795
1515496484011, 0.79487497, 14.470555, -2.7868507
1515496484031, 0.9576807, 13.445837, -2.566584
1515496484051, 0.45010993, 11.741165, -3.466804
1515496484070, -1.5993267, 11.099519, -4.4244847
1515496484091, -2.8634653, 11.300632, -2.4133554
1515496484110, -4.309563, 11.654974, 0.6799533
1515496484131, -2.2409728, 11.511322, 2.1452048
1515496484151, -0.46926352, 13.369223, 0.4405331
1515496484171, -0.1340753, 12.047623, 1.2258313
1515496484191, -0.15322891, 9.624691, -1.1587936
1515496484211, -0.019153614, 7.824251, 0.12449849
1515496484231, 0.58418524, 5.813122, 2.0685902
1515496484251, 0.7469909, 6.6271505, 1.2354081
1515496484271, 0.62249243, 6.9719152, 2.0494366
1515496484291, 0.38307226, 5.803545, 2.0398598
1515496484311, 0.4213795, 5.7748146, 2.2122424
1515496484331, 0.6607997, 5.085284, 2.0494366
1515496484351, 0.8331822, 4.8745947, 2.2505496
1515496484371, 1.0247183, 5.353435, 2.9400797
1515496484391, 1.292869, 6.646304, 3.715801
1515496484411, 1.2449849, 7.201759, 4.357447
1515496484431, 0.9672575, 8.619126, 3.8307228
1515496484451, 0.7374141, 8.686164, 1.8195933
1515496484471, 2.1643584, 12.641385, 4.5298295
1515496484491, 2.0685902, 11.980585, 3.7062242
1515496484511, 1.6184803, 10.429143, 6.1100025
1515496484531, 0.8810662, 12.909535, 5.7748146
1515496484551, 1.0151415, 15.600618, 6.4739213
1515496484571, -2.432509, 11.511322, 2.3654714
1515496484591, -2.6240451, 12.392388, 0.6703765
1515496484611, -1.5801731, 12.028469, 2.6910827
1515496484631, -0.5746084, 8.504205, 1.340753
1515496484651, 0.9768343, 8.379706, -0.6703765
1515496484671, 1.3790601, 7.4986396, -1.0055647
1515496484691, 1.6089035, 7.469909, -1.1492168
1515496484711, 0.82360536, 8.034941, -1.1683705
1515496484731, 0.11492168, 9.950302, 0.009576807
1515496484751, -0.5267244, 11.18571, 2.1643584
1515496484771, -0.58418524, 10.314221, 2.078167
1515496484791, -0.2681506, 8.6095495, 0.60333884
1515496484811, -0.25857377, 7.019799, 0.23942018
1515496484831, 0.06703765, 6.291962, -0.37349546
1515496484851, 0.5363012, 7.2113357, -0.5554548
1515496484871, 1.2545617, 8.8777, -0.47884035
1515496484891, 1.2545617, 9.749189, 0.1340753
1515496484911, 0.8810662, 8.925584, 0.41180268
1515496484931, 0.50757074, 7.632715, 0.4405331
1515496484951, 0.37349546, 7.5465236, 0.46926352
1515496484970, 0.50757074, 8.082825, 0.59376204
1515496484991, 0.7374141, 8.571242, -0.38307226
1515496485011, 0.89064306, 9.557653, -1.3503298
1515496485031, 0.79487497, 9.605537, -0.095768064
1515496485051, 1.3694834, 8.8777, 0.06703765
1515496485071, 3.0262709, 10.888829, -0.5650316
1515496485091, 3.4093432, 12.4785795, -1.0821792
1515496485111, 1.9057846, 13.570335, -3.122039
1515496485131, 0.8714894, 14.403518, -0.6607997
1515496485151, 1.5801731, 13.560759, -1.532289
1515496485171, 0.22984336, 13.656527, -3.0262709
1515496485191, -1.436521, 11.616667, -2.6910827
1515496485211, -2.6240451, 10.515334, -2.681506
1515496485231, -3.2082303, 11.042058, -2.432509
1515496485251, -3.4093432, 12.928689, -0.33518824
1515496485271, -4.3382936, 14.671668, 0.7182605
1515496485291, -3.6487634, 15.26543, 2.834735
1515496485311, -1.4939818, 14.882358, 1.1300632
1515496485331, -0.78529817, 12.344504, 1.0821792
1515496485351, -0.33518824, 10.180145, -0.10534488
1515496485371, 0.019153614, 7.967903, 0.1436521
1515496485391, 1.3790601, 3.016694, 4.5681367
1515496485411, 0.94810385, 2.9017725, 0.641646
1515496485431, 0.48841715, 4.405331, 1.5705963
1515496485451, 0.61291564, 4.3382936, 1.9632454
1515496485471, 0.545878, 5.3342814, 2.27928
1515496485491, 0.6799533, 5.2385135, 2.3942018
1515496485511, 1.2258313, 4.76925, 2.336741
1515496485531, 1.5993267, 5.45878, 2.815581
1515496485551, 1.8291701, 6.9144545, 3.41892
1515496485571, 1.5131354, 8.197746, 3.7349546
1515496485591, 1.4173675, 10.572795, 3.715801
1515496485611, 1.6376339, 12.095507, 4.213795
1515496485631, 1.7621324, 12.861651, 4.4340615
1515496485651, 1.8962077, 11.252748, 5.4204726
1515496485670, 2.5187001, 9.385271, 7.0006456
1515496485691, 1.7525556, 9.873688, 5.2289367
1515496485711, 2.135628, 15.456966, 2.6144683
1515496485731, -1.043872, 12.50731, 2.0111294
1515496485751, -5.3438582, 16.184803, -0.20111294
1515496485771, -3.8019924, 13.302185, 1.6663644
1515496485791, -1.2066777, 8.169016, 0.7374141
1515496485811, 0.7278373, 6.1100025, 0.06703765
1515496485831, 1.283292, 6.244078, -0.90021986
1515496485851, 1.3215994, 7.6231384, -0.9672575
1515496485871, 0.7565677, 10.869676, 0.80445176
1515496485891, 0.9864111, 13.129802, 1.7908629
1515496485911, 0.5267244, 12.038046, 1.7812861
1515496485931, 0.38307226, 9.414001, 0.51714754
1515496485951, 0.08619126, 7.5561004, 0.0
1515496485971, -0.7757214, 5.8322754, -0.33518824
1515496485991, -0.6607997, 5.4204726, -0.62249243
1515496486011, -0.038307227, 7.5465236, -0.45010993
1515496486031, 1.1492168, 9.528923, -0.48841715
1515496486051, 1.7429788, 9.452309, -0.08619126
1515496486071, 1.6089035, 8.408437, 0.2777274
1515496486091, 1.091756, 8.121132, 0.32561144
1515496486111, 0.7086837, 8.494628, 0.62249243
1515496486131, 0.94810385, 8.552089, -0.076614454
1515496486151, 1.0726024, 9.097966, -1.292869
1515496486171, 0.8523358, 9.720459, -0.7565677
1515496486191, 1.0342951, 9.193734, -0.46926352
1515496486210, 2.2026656, 10.70687, -0.25857377
1515496486231, 2.681506, 12.143391, 0.41180268
1515496486251, 1.8291701, 12.497733, -0.7565677
1515496486271, 0.89064306, 14.116213, -0.62249243
1515496486291, 1.1587936, 13.972561, -0.8331822
1515496486311, 0.60333884, 13.809755, -3.2273839
1515496486331, -0.11492168, 12.172121, -3.0071173
1515496486351, -0.02873042, 10.97502, -3.7541082
1515496486371, -1.7908629, 11.473015, -2.6144683
1515496486391, -3.41892, 11.722012, -0.7661445
1515496486411, -5.056554, 12.392388, 0.5363012
1515496486431, -3.6296098, 12.0571995, 0.8714894
1515496486451, -1.6950948, 12.239159, 2.087744
1515496486471, 0.2873042, 13.790602, 2.1643584
1515496486491, 0.49799395, 10.869676, -0.48841715
1515496486511, 0.7086837, 9.509769, 0.9864111
1515496486531, 0.5363012, 8.571242, 0.90021986
1515496486551, 0.61291564, 7.3166804, 1.8195933
1515496486571, 0.89064306, 5.9280434, 1.8195933
1515496486591, 0.90021986, 5.631162, 1.6376339
1515496486611, 0.7086837, 5.659893, 1.9440918
1515496486631, 1.1109096, 4.050989, 1.7429788
1515496486651, 1.1109096, 3.8881836, 2.0590134
1515496486671, 1.0630256, 4.9416323, 2.9783869
1515496486691, 1.484405, 5.995081, 3.371036
1515496486711, 1.484405, 7.489063, 3.6296098
1515496486731, 0.80445176, 8.628703, 2.0685902
1515496486751, 0.5267244, 11.310209, 3.9360676
1515496486771, 0.80445176, 13.397953, 4.7022123
1515496486791, 1.2449849, 11.3964, 6.033388
1515496486811, 1.6280571, 9.931149, 7.249643
1515496486831, 1.2354081, 9.471462, 6.435614
1515496486851, 0.9959879, 13.311762, 4.5202527
1515496486871, 0.31603462, 14.010868, 4.175488
1515496486891, -2.480393, 14.499286, 2.5953147
1515496486911, -1.8004397, 12.363658, 3.0550013
1515496486931, -1.3982137, 7.2209125, 2.4420857
1515496486951, -0.6512229, 8.418014, 0.08619126
1515496486971, 1.436521, 7.4986396, -1.0534488
1515496486991, 1.7046716, 8.303091, 0.22984336
1515496487011, 1.685518, 9.346964, -2.030283
1515496487031, 1.1779473, 9.816227, -0.641646
1515496487051, 0.2777274, 10.295067, 1.9440918
1515496487071, -0.08619126, 10.323798, 1.9440918
1515496487091, -0.15322891, 9.80665, 0.641646
1515496487111, -0.009576807, 8.820239, 0.79487497
1515496487131, 0.17238252, 7.6231384, 0.51714754
1515496487151, 0.22026655, 7.1251445, 0.11492168
1515496487171, 0.8714894, 7.6135616, -0.8523358
1515496487191, 0.7565677, 8.619126, -0.8810662
1515496487211, 0.81402856, 8.66701, -0.17238252
1515496487231, 0.7661445, 8.111555, 0.62249243
1515496487251, 0.48841715, 7.881712, 0.58418524
1515496487271, 0.32561144, 8.24563, 0.15322891
1515496487291, 0.17238252, 8.858546, 0.48841715
1515496487311, 0.41180268, 9.232041, 0.18195933
1515496487331, 0.82360536, 9.414001, -0.545878
1515496487351, 1.5227122, 9.701305, -0.8714894
1515496487371, 2.1068976, 9.471462, -0.41180268
1515496487391, 2.6719291, 9.959879, -0.41180268
1515496487411, 2.96881, 11.87524, 0.39264908
1515496487431, 2.2697031, 11.923124, 0.30645782
1515496487451, 1.2354081, 11.798626, 0.047884032
1515496487471, 0.51714754, 14.355634, 0.009576807
1515496487491, 0.49799395, 12.852075, -1.1683705
1515496487511, 0.39264908, 11.118672, -3.3423057
1515496487531, -0.9576807, 9.892841, -3.916914
1515496487551, -1.9536686, 10.342952, -4.232949
1515496487571, -2.8634653, 12.650962, -2.0685902
1515496487591, -4.654328, 14.566323, 1.9728222
1515496487611, -3.4955344, 14.020445, 4.510676
1515496487631, -0.7086837, 15.571888, 2.432509
1515496487651, -0.08619126, 13.484144, 1.7046716
1515496487671, 0.5363012, 11.089942, 0.18195933
1515496487691, 0.89064306, 9.212888, 0.63206923
1515496487711, 0.49799395, 7.5465236, 0.8810662
1515496487731, 1.0055647, 4.673482, 1.3120226
1515496487751, 0.24899697, 5.1906295, 1.091756
1515496487771, 0.62249243, 4.1371803, 1.1587936
1515496487791, 0.6991069, 4.453215, 1.5131354
1515496487811, 0.39264908, 4.453215, 1.7717092
1515496487831, 0.2777274, 4.31914, 2.087744
1515496487851, 0.23942018, 5.2863975, 2.9783869
1515496487871, 0.46926352, 6.3302693, 3.2369606
1515496487891, 0.9768343, 8.714894, 3.5913026
1515496487911, 1.436521, 9.9790325, 3.1028855
1515496487931, 1.0630256, 14.709975, 4.4819455
1515496487951, 1.0534488, 12.919112, 4.510676
1515496487971, 1.1971009, 10.371682, 7.52737
1515496487991, 1.7908629, 8.523358, 8.1881695
1515496488011, 0.8714894, 11.118672, 5.161899
1515496488031, 1.4556746, 13.8480625, 4.146757
1515496488051, -2.0015526, 11.884817, 2.4516625
1515496488071, -1.4173675, 13.101071, 3.016694
1515496488091, -1.7429788, 12.315774, 2.5378537
1515496488110, -0.8331822, 10.601525, 1.0247183
1515496488131, 0.40222588, 8.0445175, 0.37349546
1515496488150, 1.3311762, 6.9719152, 0.22984336
1515496488171, 2.2505496, 7.2304893, -1.7142484
1515496488190, 1.7525556, 8.159439, -1.934515
1515496488211, 0.90021986, 9.701305, -0.16280572
1515496488231, 0.08619126, 11.271901, 0.641646
1515496488251, -0.8714894, 11.147403, 1.5705963
1515496488271, -0.39264908, 9.672575, 1.283292
1515496488290, -0.21068975, 8.2169, 0.78529817
1515496488310, -0.4405331, 6.694188, -0.4405331
1515496488331, 0.25857377, 7.1347213, -1.0821792
1515496488350, 0.59376204, 8.532935, -1.4939818
1515496488371, 0.4213795, 9.097966, -0.90979666
1515496488391, -0.02873042, 8.178593, -0.02873042
1515496488411, -0.23942018, 7.517793, 0.10534488
1515496488431, 0.2681506, 8.37013, 0.12449849
1515496488450, 0.63206923, 9.720459, 0.6512229
1515496488471, 0.90021986, 9.80665, 0.36391866
1515496488491, 0.641646, 9.241618, -0.63206923
1515496488511, 0.78529817, 9.040505, -1.0630256
1515496488531, 1.5610195, 9.442732, -0.33518824
1515496488551, 2.8538885, 10.25676, -0.81402856
1515496488571, 3.0933087, 11.386824, -0.095768064
1515496488590, 2.1452048, 11.683704, 0.17238252
1515496488610, 1.3599066, 12.832921, -1.1779473
1515496488630, 0.78529817, 15.035586, 0.36391866
1515496488651, 1.0342951, 14.259866, -1.532289
1515496488670, 0.47884035, 13.311762, -2.930503
1515496488691, -0.08619126, 11.33894, -3.6391866
1515496488710, -0.90021986, 10.955867, -3.8786068
1515496488731, -3.572149, 11.013328, -1.484405
1515496488751, -4.7405195, 11.57836, 0.50757074
1515496488771, -3.8498764, 12.076353, 1.8100165
1515496488791, -2.3654714, 12.143391, 2.9783869
1515496488811, -0.5554548, 13.752295, 2.27928
1515496488831, 0.47884035, 11.482592, 0.095768064
1515496488851, 0.94810385, 9.911995, 0.33518824
1515496488871, 0.8523358, 8.7532015, 0.9768343
1515496488891, 0.82360536, 7.97748, 0.5650316
1515496488911, 1.3503298, 5.305551, 2.96881
1515496488931, 0.61291564, 5.8705826, 1.6950948
1515496488951, 0.49799395, 4.6926355, 1.3120226
1515496488971, 0.48841715, 4.9224787, 1.5131354
1515496488991, 0.60333884, 4.711789, 1.7046716
1515496489011, 0.91937345, 4.0318356, 2.0207062
1515496489031, 1.0630256, 5.1235914, 2.9592333
1515496489051, 1.2641385, 6.435614, 3.4859576
1515496489071, 0.81402856, 7.9008656, 2.566584
1515496489091, 1.0821792, 9.797073, 3.763685
1515496489111, 1.283292, 12.861651, 4.7309427
1515496489131, 1.6376339, 12.5264635, 3.5242648
1515496489151, 1.4173675, 11.080365, 6.7612257
1515496489171, 0.82360536, 11.980585, 5.889736
1515496489191, 1.283292, 16.922218, 5.602432
1515496489211, -0.5267244, 14.987702, 4.223372
1515496489231, -1.6472107, 9.835381, 3.5051112
1515496489251, -1.6567876, 6.196194, 1.5227122
1515496489271, -1.1875241, 10.151415, 1.0821792
1515496489291, 0.047884032, 8.331821, 0.7182605
1515496489310, 0.8810662, 9.3182335, -0.22984336
1515496489330, 1.0055647, 10.275913, 0.08619126
1515496489351, 0.9864111, 9.222465, -0.48841715
1515496489371, 0.61291564, 8.944737, -0.12449849
1515496489390, 0.1436521, 9.643845, 0.49799395
1515496489410, -0.076614454, 9.662998, 0.7565677
1515496489431, 0.02873042, 9.155427, 0.9768343
1515496489451, 0.11492168, 8.6574335, 0.7757214
1515496489471, -0.1436521, 8.255207, 0.51714754
1515496489491, 0.22984336, 7.881712, 0.32561144
1515496489511, 0.61291564, 8.00621, -0.16280572
1515496489531, 1.0055647, 8.350976, -0.7086837
1515496489551, 0.94810385, 8.561666, -0.16280572
1515496489570, 0.9576807, 7.776367, 0.2873042
1515496489591, 0.90979666, 7.5082164, -0.24899697
1515496489611, 0.80445176, 7.881712, -0.32561144
1515496489631, 0.46926352, 8.465898, 0.11492168
1515496489651, 0.38307226, 9.232041, -0.36391866
1515496489671, 0.93852705, 9.883265, -0.38307226
1515496489691, 1.982399, 9.931149, 0.46926352
1515496489711, 2.777274, 10.601525, -0.45968673
1515496489730, 2.4612393, 12.449849, -0.4213795
1515496489751, 1.8674773, 13.464991, -0.8523358
1515496489770, 0.7182605, 14.097059, -0.6991069
1515496489791, 0.5650316, 14.068329, -1.3215994
1515496489810, 0.6895301, 13.905523, -2.2601264
1515496489831, -0.41180268, 12.861651, -4.3861775
1515496489851, -2.0015526, 11.779472, -3.4380736
1515496489873, -3.7349546, 10.955867, -1.2737153
1515496489891, -4.912902, 11.425131, 0.17238252
1515496489911, -4.280833, 12.50731, 0.8523358
1515496489931, -2.4899697, 12.852075, 3.821146
1515496489951, -0.5746084, 13.809755, 1.436521
1515496489971, -0.047884032, 11.109096, 0.2777274
1515496489991, 0.36391866, 8.7532015, 0.7374141
1515496490011, 0.94810385, 5.592855, 4.5298295
1515496490031, 0.6607997, 4.9895163, 0.91937345
1515496490051, 0.93852705, 4.3957543, 1.6184803
1515496490071, 0.7182605, 4.3287168, 1.6759412
1515496490091, 1.1109096, 3.620033, 1.685518
1515496490111, 1.7046716, 3.4955344, 1.6089035
1515496490131, 2.0398598, 3.7732618, 2.183512
1515496490151, 1.9440918, 5.3247046, 3.0262709
1515496490171, 1.4173675, 6.4164605, 4.003105
1515496490191, 0.90979666, 9.165004, 4.596867
1515496490210, 0.5650316, 11.626244, 4.357447
1515496490230, 0.5267244, 13.599066, 5.0278234
1515496490251, 0.79487497, 12.354081, 6.1387334
1515496490270, 0.05746084, 12.4785795, 6.4643445
1515496490291, 1.340753, 14.700398, 5.363012
1515496490310, 0.17238252, 14.18325, 3.4380736
1515496490331, -1.8770541, 15.677233, 2.1643584
1515496490351, -2.0973208, 13.302185, 2.4420857
1515496490371, -1.2641385, 7.029376, 1.1492168
1515496490391, 0.2873042, 8.283937, -0.5746084
1515496490411, 1.9440918, 7.843405, -2.2409728
1515496490431, 1.8483237, 8.485051, 0.12449849
1515496490451, 0.5650316, 10.113108, -0.45968673
1515496490471, -0.35434186, 11.654974, -0.32561144
1515496490491, -0.9959879, 11.176133, 1.3790601
1515496490511, -0.93852705, 9.069236, 1.6472107
1515496490531, -0.10534488, 7.517793, 0.08619126
1515496490551, -0.60333884, 6.081272, -0.20111294
1515496490571, -0.2681506, 5.7269306, -1.1204864
1515496490591, 0.095768064, 7.345411, -1.436521
1515496490611, 0.37349546, 8.925584, -0.7086837
1515496490631, 0.7086837, 8.820239, -0.076614454
1515496490651, 0.842759, 8.197746, -0.2777274
1515496490671, 0.49799395, 7.9008656, -0.2681506
1515496490691, 0.40222588, 7.9966335, 0.47884035
1515496490710, 0.019153614, 9.030929, 0.48841715
1515496490731, 0.59376204, 9.998186, -0.40222588
1515496490751, 2.0973208, 10.773908, -0.095768064
1515496490771, 1.934515, 10.840945, 0.62249243
1515496490791, 2.0398598, 10.352529, -0.1340753
1515496490811, 2.7389667, 11.616667, -1.1204864
1515496490832, 2.231396, 12.076353, 0.10534488
1515496490851, 0.40222588, 12.842498, -1.436521
1515496490871, -0.7661445, 15.179238, -1.13964
1515496490891, 0.009576807, 13.101071, -3.5051112
1515496490911, 0.47884035, 11.271901, -3.3901896
1515496490931, -1.3120226, 11.21444, -4.76925
1515496490951, -3.0933087, 12.200851, -3.3806129
1515496490971, -5.90889, 13.484144, 0.23942018
1515496490991, -4.501099, 13.484144, 1.2354081
1515496491011, -1.9057846, 13.8480625, 3.1794999
1515496491031, -0.25857377, 14.432248, 2.4037786
1515496491051, 0.019153614, 11.21444, 0.2681506
1515496491071, 0.25857377, 9.461885, 0.7661445
1515496491091, 0.095768064, 8.0445175, 0.48841715
1515496491111, 0.9576807, 5.2289367, 2.528277
1515496491131, 0.8619126, 3.5529952, 0.8619126
1515496491151, 0.62249243, 4.0892963, 0.9864111
1515496491171, 0.18195933, 3.8307228, 1.1971009
1515496491191, -0.1436521, 3.8498764, 1.6089035
1515496491211, -0.41180268, 4.414908, 2.087744
1515496491231, -0.32561144, 5.5162406, 2.6527755
1515496491251, 0.6512229, 7.07726, 3.5051112
1515496491271, 1.4269443, 9.165004, 4.175488
1515496491291, 1.8100165, 11.33894, 3.7445314
1515496491311, 1.1779473, 13.503298, 3.916914
1515496491331, 0.82360536, 12.08593, 5.6886234
1515496491351, 1.2641385, 9.749189, 7.479486
1515496491371, 2.4612393, 7.881712, 7.8050976
1515496491391, 2.2122424, 9.643845, 5.45878
1515496491411, 1.6472107, 13.148955, 3.1028855
1515496491431, -1.6472107, 14.211981, 1.4077905
1515496491451, -6.042965, 19.029116, 0.076614454
1515496491471, -3.2369606, 14.757859, 3.4093432
1515496491491, -1.0151415, 6.3685765, 0.89064306
1515496491511, 0.22984336, 5.3438582, -1.7717092
1515496491531, 1.9632454, 5.6790466, -1.3311762
1515496491551, 2.585738, 6.301539, -1.1109096
1515496491571, 1.6376339, 10.103531, -1.4460979
1515496491591, 0.076614454, 14.528016, 1.292869
1515496491611, -0.23942018, 13.9151, 1.9919758
1515496491631, 0.59376204, 10.314221, 1.340753
1515496491651, -0.41180268, 6.579266, -0.038307227
1515496491671, -0.6607997, 4.7884035, -0.78529817
1515496491691, -0.61291564, 5.363012, -1.6376339
1515496491711, -0.6512229, 8.37013, -1.2545617
1515496491731, 0.038307227, 9.471462, -0.51714754
1515496491751, 0.90021986, 8.848969, 0.24899697
1515496491771, 0.7278373, 8.101978, 0.46926352
1515496491791, 0.7086837, 7.920019, 0.94810385
1515496491811, 0.6991069, 8.619126, 1.541866
1515496491831, 1.13964, 9.346964, 0.5267244
1515496491850, 1.8962077, 10.237606, -1.2162545
1515496491871, 2.7581203, 10.553641, -0.90979666
1515496491891, 2.585738, 9.902418, -0.51714754
1515496491910, 2.4516625, 10.113108, -0.41180268
1515496491931, 2.3942018, 12.0571995, 0.48841715
1515496491951, 1.5801731, 12.631808, -0.009576807
1515496491971, -0.047884032, 14.221559, -0.90979666
1515496491991, 0.45010993, 13.503298, 0.8619126
1515496492011, 1.1683705, 13.551182, -2.566584
1515496492031, 0.6703765, 12.325351, -3.9743748
1515496492051, -0.61291564, 10.812215, -4.9799395
1515496492071, -3.3423057, 11.568783, -2.1643584
1515496492091, -5.755661, 12.765883, 0.38307226
1515496492111, -5.2289367, 13.417107, 1.6567876
1515496492131, -3.3614593, 13.139379, 4.2999864
1515496492150, -0.93852705, 14.33648, 2.5474305
1515496492171, 0.2777274, 11.453861, -0.36391866
1515496492190, 0.8523358, 9.519346, -0.095768064
1515496492211, 0.79487497, 7.9583263, 0.7374141
1515496492232, 1.3024458, 4.548983, 3.371036
1515496492251, 0.79487497, 3.8402996, 0.8714894
1515496492271, 0.51714754, 4.462792, 1.6663644
1515496492291, 0.40222588, 4.501099, 1.8674773
1515496492311, 0.4309563, 4.0318356, 1.934515
1515496492331, 0.5363012, 4.0892963, 2.2601264
1515496492351, 0.61291564, 4.7979803, 3.2465374
1515496492371, 0.9959879, 5.6407394, 3.5434184
1515496492391, 1.0630256, 6.9527617, 4.050989
1515496492411, 0.90021986, 9.289502, 4.232949
1515496492431, 1.0821792, 10.04607, 2.1643584
1515496492451, -0.34476504, 15.74427, 4.9224787
1515496492471, 0.50757074, 13.024457, 5.755661
1515496492491, 1.8770541, 9.193734, 8.39886
1515496492511, 1.7717092, 9.595961, 5.544971
1515496492532, 2.4899697, 14.422671, 3.9456444
1515496492551, -1.6089035, 14.231135, 1.4269443
1515496492571, -3.4859576, 13.579912, 1.6567876
1515496492591, -3.7732618, 12.047623, 1.8195933
1515496492611, -2.4037786, 9.11712, 1.3120226
1515496492631, -0.82360536, 8.101978, 0.4309563
1515496492651, 1.5705963, 6.799533, -0.10534488
1515496492671, 2.0111294, 7.9008656, -1.0821792
1515496492691, 1.4939818, 9.433155, -1.3599066
1515496492711, 1.0630256, 10.170568, 0.36391866
1515496492731, 0.8714894, 10.965444, 0.6895301
1515496492751, 0.90979666, 10.764331, 1.4460979
1515496492771, 0.7565677, 9.471462, 0.6512229
1515496492791, -0.1436521, 7.843405, 0.7182605
1515496492811, -0.641646, 6.14831, 0.17238252
1515496492831, -0.6512229, 5.861006, -0.45010993
1515496492851, -0.45010993, 7.73806, -0.5554548
1515496492871, -0.18195933, 9.481039, -0.1436521
1515496492891, 0.49799395, 9.184157, 0.545878
1515496492911, 0.05746084, 7.9391727, 0.2681506
1515496492931, 0.009576807, 7.9966335, 0.79487497
1515496492951, 0.41180268, 8.283937, 1.043872
1515496492971, 0.7757214, 8.7053175, -0.51714754
1515496492991, 0.92895025, 9.586384, -1.0726024
1515496493010, 1.0821792, 9.634268, -0.2873042
1515496493031, 1.4077905, 8.858546, -0.5554548
1515496493051, 2.6431987, 10.295067, -0.50757074
1515496493071, 3.265691, 12.564771, 0.4213795
1515496493091, 1.1587936, 13.713987, -1.484405
1515496493111, 0.16280572, 13.752295, -0.61291564
1515496493131, 1.9057846, 14.049175, -1.9536686
1515496493151, 1.283292, 14.78659, -3.4763808
1515496493171, -1.3503298, 13.177686, -4.4915223
1515496493191, -3.8019924, 11.3964, -4.2042184
1515496493211, -5.133168, 10.773908, -0.641646
1515496493231, -4.817134, 11.559206, 1.8579005
1515496493251, -3.3614593, 11.903971, 2.5187001
1515496493271, -1.8674773, 13.091495, 3.083732
1515496493291, -0.32561144, 13.828909, 1.340753
1515496493310, 0.40222588, 11.377247, 0.06703765
1515496493332, 0.79487497, 8.504205, 0.4213795
1515496493351, 0.7278373, 8.025364, 0.32561144
1515496493371, 1.4077905, 4.55856, 4.7884035
1515496493391, 0.842759, 4.1180267, 0.9959879
1515496493411, 0.34476504, 4.711789, 1.8674773
1515496493431, 0.16280572, 5.0374002, 2.1739352
1515496493451, 0.047884032, 5.45878, 2.7006595
1515496493471, 0.4309563, 4.673482, 2.6240451
1515496493491, 0.90979666, 5.161899, 3.2561142
1515496493511, 1.3982137, 6.090849, 3.1124623
1515496493531, 1.388637, 7.4124484, 3.6104562
1515496493551, 0.9768343, 9.375694, 4.060566
1515496493571, 0.31603462, 10.754754, 3.8307228
1515496493591, 0.076614454, 14.805743, 5.0661306
1515496493611, 0.7086837, 11.415554, 6.339846
1515496493631, 0.58418524, 10.630256, 6.2632318
1515496493651, 1.4077905, 14.853627, 4.280833
1515496493671, -0.5363012, 14.326903, 2.9017725
1515496493691, -5.6407394, 13.551182, -0.47884035
1515496493711, -3.821146, 14.374787, 5.449203
1515496493731, -1.3311762, 8.24563, 3.763685
1515496493751, 0.9768343, 8.954314, -0.94810385
1515496493771, 2.0685902, 8.868123, -1.4460979
1515496493791, 2.0111294, 8.37013, -1.7908629
1515496493811, 1.3311762, 8.686164, -1.9919758
1515496493831, 0.2873042, 9.749189, -0.63206923
1515496493851, -0.6799533, 10.649409, 1.685518
1515496493871, -0.7661445, 10.084377, 2.384625
1515496493891, -0.8619126, 8.935161, 1.292869
1515496493910, -0.22026655, 7.603985, 0.038307227
1515496493931, 0.35434186, 7.297527, -0.22026655
1515496493950, 0.7086837, 7.97748, -0.12449849
1515496493971, 1.4652514, 9.030929, -0.29688102
1515496493991, 1.3599066, 9.481039, -0.20111294
1515496494011, 0.7182605, 8.686164, 0.16280572
1515496494031, 0.81402856, 7.690176, 0.5746084
1515496494051, 1.0630256, 8.101978, 1.13964
1515496494070, 0.9576807, 8.542512, 0.79487497
1515496494091, 0.842759, 8.494628, 0.35434186
1515496494110, 0.7374141, 8.829816, -0.038307227
1515496494131, 1.0342951, 9.873688, -0.49799395
1515496494151, 1.3120226, 9.9790325, 0.02873042
1515496494171, 1.5610195, 9.270349, -0.30645782
1515496494191, 2.4037786, 10.879252, -0.6895301
1515496494211, 2.384625, 12.344504, -0.11492168
1515496494231, 1.5131354, 12.047623, 0.038307227
1515496494251, 0.45968673, 12.765883, -0.5746084
1515496494271, 0.49799395, 12.938266, 0.7374141
1515496494292, 1.5897499, 12.08593, -1.1300632
1515496494310, 1.3790601, 10.898406, -3.572149
1515496494331, -0.35434186, 9.605537, -4.6926355
1515496494351, -2.0015526, 10.43872, -4.5777135
1515496494371, -3.715801, 13.110648, -0.34476504
1515496494391, -5.104438, 14.882358, 2.7868507
1515496494411, -3.916914, 13.962984, 4.721366
1515496494431, -1.5897499, 15.016433, 3.7253778
1515496494451, -0.16280572, 12.29662, 1.4939818
1515496494471, 0.8523358, 10.477027, 0.8523358
1515496494491, 1.2354081, 9.816227, 1.6472107
1515496494510, 0.9864111, 8.676587, -0.009576807
1515496494531, 0.89064306, 5.7748146, 2.6431987
1515496494551, 0.8810662, 3.8498764, 1.541866
1515496494571, 0.6512229, 3.8786068, 0.82360536
1515496494591, 0.34476504, 4.7022123, 1.4269443
1515496494611, 0.38307226, 4.357447, 1.6950948
1515496494631, 0.5267244, 3.9743748, 2.030283
1515496494651, 0.82360536, 5.90889, 2.930503
1515496494671, 0.6703765, 6.8569937, 3.572149
1515496494691, 0.6703765, 8.983045, 3.265691
1515496494711, 0.7182605, 10.6877165, 4.367024
1515496494731, 0.92895025, 14.499286, 5.9567738
1515496494751, 1.1492168, 11.674128, 5.861006
1515496494771, 1.1587936, 9.212888, 6.588843
1515496494791, 0.51714754, 9.80665, 5.3821654
1515496494811, 0.31603462, 19.82399, 3.7828386
1515496494831, 0.82360536, 18.47366, 5.602432
1515496494851, -3.5529952, 11.233594, 3.1794999
1515496494872, -1.7429788, 7.0102224, 4.654328
1515496494891, -1.8004397, 7.2687964, 0.59376204
1515496494911, 0.095768064, 8.772355, -0.095768064
1515496494931, 0.91937345, 9.299079, -0.2873042
1515496494951, 0.9576807, 10.448297, -0.32561144
1515496494971, 0.40222588, 10.247183, 0.37349546
1515496494991, 0.22026655, 9.720459, 0.545878
1515496495011, 0.39264908, 10.304645, 1.532289
1515496495031, 0.6512229, 9.634268, 0.7565677
1515496495051, 0.36391866, 8.686164, 1.0055647
1515496495071, 0.2777274, 7.872135, 1.2066777
1515496495091, -0.05746084, 7.5944076, 0.7278373
1515496495111, 0.8523358, 7.967903, -0.58418524
1515496495131, 1.1779473, 8.734048, -0.7661445
1515496495151, 0.79487497, 9.260772, -0.1436521
1515496495171, 0.49799395, 8.801085, 0.7278373
1515496495191, 0.34476504, 8.0445175, 1.1204864
1515496495211, 0.39264908, 8.015787, 0.80445176
1515496495231, 0.39264908, 8.485051, 0.47884035
1515496495250, 0.5267244, 8.839393, 0.5746084
1515496495271, 0.842759, 9.050082, 0.62249243
1515496495291, 1.0055647, 8.7532015, 0.4213795
1515496495311, 1.484405, 8.628703, 0.08619126
1515496495331, 2.1643584, 8.848969, -0.23942018
1515496495351, 2.7485435, 9.136273, -0.5363012
1515496495371, 2.9400797, 9.844957, -0.47884035
1515496495391, 2.1547816, 10.563218, -0.15322891
1515496495411, 0.7565677, 11.87524, -0.39264908
1515496495431, -0.33518824, 13.790602, -0.076614454
1515496495451, 1.5514427, 12.919112, -0.02873042
1515496495472, 1.6663644, 12.938266, -1.3599066
1515496495491, 0.076614454, 11.693281, -3.0454245
1515496495511, -1.4748282, 10.907983, -4.232949
1515496495530, -2.1547816, 11.291056, -1.9728222
1515496495551, -3.1890767, 12.660539, -0.7086837
1515496495571, -3.7924154, 14.001291, 1.484405
1515496495591, -3.5529952, 13.809755, 3.4093432
1515496495611, -1.541866, 14.719552, 2.078167
1515496495631, -0.5650316, 12.4785795, 0.9959879
1515496495651, 0.40222588, 10.180145, 0.8810662
1515496495671, 0.7565677, 9.289502, 1.5514427
1515496495691, 0.60333884, 8.226477, 0.4405331
1515496495711, 1.1013328, 4.4244847, 1.7525556
1515496495731, 0.7757214, 4.3957543, 1.3024458
1515496495751, 0.7182605, 4.367024, 1.2354081
1515496495771, 0.6799533, 4.596867, 1.4939818
1515496495791, 0.58418524, 4.501099, 2.0015526
1515496495811, 0.545878, 3.9552212, 2.3175871
1515496495831, 0.5554548, 5.401319, 3.6104562
1515496495851, 0.90979666, 7.326257, 3.964798
1515496495871, 0.8714894, 9.193734, 4.003105
1515496495891, 0.91937345, 9.959879, 3.7924154
1515496495911, 0.51714754, 14.834474, 5.0661306
1515496495931, 1.5610195, 12.50731, 4.8458643
1515496495952, 1.8291701, 11.051635, 7.8912888
1515496495971, 1.8100165, 10.352529, 5.7843914
1515496495991, 2.6719291, 18.368315, 4.8362875
1515496496011, -1.6663644, 15.02601, 2.8060043
1515496496031, -2.2601264, 8.695741, 3.2465374
1515496496051, -1.3694834, 7.536947, 3.572149
1515496496071, -0.90021986, 10.208876, -1.0247183
1515496496091, -0.22026655, 10.314221, 1.5993267
1515496496111, 0.545878, 9.126697, -0.33518824
1515496496130, 0.8810662, 9.730036, 0.009576807
1515496496151, 0.9576807, 8.504205, -1.0821792
1515496496171, 0.8331822, 7.824251, -1.2066777
1515496496191, -0.047884032, 8.887277, 0.076614454
1515496496211, -0.47884035, 9.9790325, 1.1492168
1515496496231, -0.33518824, 10.515334, 1.6280571
1515496496250, -0.37349546, 9.835381, 1.7238252
1515496496271, -0.5267244, 7.7572136, 0.5363012
1515496496291, 0.61291564, 7.441179, -0.41180268
1515496496311, 0.91937345, 8.485051, -0.7757214
1515496496330, 0.92895025, 9.126697, 0.11492168
1515496496351, 0.90979666, 8.887277, 0.7661445
1515496496371, 0.8523358, 8.034941, 0.7565677
1515496496391, 0.7182605, 7.642292, 0.79487497
1515496496411, 0.842759, 8.073248, 0.34476504
1515496496431, 0.5746084, 8.331821, 0.58418524
1515496496451, 0.40222588, 8.552089, 0.90021986
1515496496471, 0.62249243, 8.925584, 1.0055647
1515496496491, 1.2737153, 9.059659, 0.80445176
1515496496510, 1.9632454, 8.743625, 0.641646
1515496496531, 2.7102363, 8.887277, -0.05746084
1515496496551, 2.9592333, 10.850522, -0.25857377
1515496496571, 3.1603463, 13.081918, 0.1340753
1515496496591, 1.292869, 13.283031, 0.6703765
1515496496611, -0.80445176, 13.88637, 0.7278373
1515496496631, 0.5650316, 13.101071, 0.038307227
1515496496651, 1.2545617, 13.43626, -1.6184803
1515496496671, 0.32561144, 11.386824, -2.087744
1515496496691, -1.9632454, 9.126697, -4.175488
1515496496710, -2.8060043, 10.984597, -3.1507695
1515496496731, -3.2273839, 14.058752, 0.7278373
1515496496751, -2.7485435, 15.763424, 2.183512
1515496496771, -1.283292, 15.725117, 4.8362875
1515496496791, -0.2777274, 14.585477, 2.585738
1515496496811, 0.19153613, 11.271901, 1.3694834
1515496496831, 1.3790601, 9.193734, 1.6950948
1515496496851, 1.2066777, 8.303091, -0.16280572
1515496496870, 1.1971009, 3.8402996, 3.41892
1515496496891, 0.8523358, 2.681506, 0.93852705
1515496496911, 0.46926352, 3.821146, 1.0726024
1515496496931, 0.19153613, 4.55856, 1.6089035
1515496496951, 0.019153614, 4.261679, 2.0494366
1515496496971, -0.15322891, 4.0701427, 2.5761611
1515496496990, 0.0, 5.45878, 3.2848446
1515496497011, 0.40222588, 6.789956, 3.3997664
1515496497031, 0.6799533, 8.37013, 3.514688
1515496497051, 0.93852705, 9.050082, 2.5761611
1515496497071, 0.8714894, 13.005303, 4.5872903
1515496497091, 1.1779473, 14.164097, 5.3247046
1515496497110, 1.7238252, 10.132261, 7.1251445
1515496497131, 2.7389667, 8.590396, 7.642292
1515496497151, 2.4899697, 6.579266, 5.305551
1515496497171, -0.02873042, 14.939818, 3.715801
1515496497191, 1.541866, 16.529568, 4.55856
1515496497211, -4.4436383, 10.812215, 0.49799395
1515496497231, -3.41892, 14.250289, 1.8387469
1515496497251, -2.1643584, 9.442732, 2.3558946
1515496497271, -0.63206923, 8.226477, 0.1340753
1515496497291, 0.9768343, 7.4507556, 0.79487497
1515496497310, 2.1643584, 7.833828, -0.6991069
1515496497331, 1.934515, 8.571242, -2.2601264
1515496497350, 0.62249243, 9.662998, -0.7182605
1515496497370, -0.39264908, 10.821792, 0.80445176
1515496497391, -0.7469909, 11.109096, 1.934515
1515496497411, -0.9672575, 9.749189, 0.9672575
1515496497431, -0.15322891, 8.24563, 0.11492168
1515496497451, -0.5267244, 6.981492, -0.06703765
1515496497471, -1.091756, 5.9567738, -0.82360536
1515496497491, -0.6895301, 6.8665705, -1.3311762
1515496497511, 1.0630256, 9.385271, 0.047884032
1515496497531, 0.9576807, 9.797073, 0.90021986
1515496497550, 0.63206923, 8.542512, 0.9672575
1515496497571, 0.6895301, 8.101978, 0.79487497
1515496497591, 1.0151415, 8.590396, 0.8619126
1515496497611, 1.292869, 9.557653, -0.22026655
1515496497631, 2.0685902, 10.208876, -1.091756
1515496497651, 2.6048915, 10.390836, -0.8331822
1515496497670, 2.231396, 9.605537, -1.1204864
1515496497691, 1.9919758, 11.18571, -1.0534488
1515496497710, 2.030283, 12.440272, -0.24899697
1515496497731, 1.4939818, 12.143391, -0.10534488
1515496497751, 0.9959879, 12.957419, -0.8810662
1515496497771, 0.20111294, 14.393941, -0.08619126
1515496497791, 0.90021986, 13.101071, -1.043872
1515496497811, 0.40222588, 12.670115, -2.9496565
1515496497831, -0.45010993, 10.0269165, -3.1986535
1515496497851, -1.5131354, 7.9104424, -3.3039982
1515496497871, -2.777274, 9.864111, -3.6487634
1515496497891, -3.3997664, 13.043611, -0.37349546
1515496497911, -3.0933087, 14.480132, 0.46926352
1515496497931, -0.641646, 15.629349, 3.1316159
1515496497951, -0.076614454, 13.168109, 0.8331822
1515496497971, -0.2777274, 10.084377, 0.5650316
1515496497991, 0.34476504, 9.260772, 1.1875241
1515496498011, 0.12449849, 8.178593, -0.2681506
1515496498031, 0.79487497, 4.0318356, 1.7046716
1515496498051, 0.5746084, 3.6774938, 0.79487497
1515496498071, 0.20111294, 4.003105, 1.0630256
1515496498091, 0.46926352, 4.903325, 1.5514427
1515496498111, 0.35434186, 5.410896, 2.1164744
1515496498130, 0.5267244, 4.9895163, 2.0111294
1515496498151, 0.41180268, 6.081272, 2.920926
1515496498171, 0.59376204, 7.7667904, 3.9839516
1515496498191, 0.6607997, 8.552089, 4.405331
1515496498211, 0.61291564, 9.653421, 4.050989
1515496498231, 0.8523358, 10.94629, 3.916914
1515496498251, 1.4173675, 11.836933, 4.31914
1515496498271, 1.8387469, 10.754754, 4.8937483
1515496498291, 2.4420857, 9.3661175, 6.1100025
1515496498311, 2.5474305, 8.264784, 5.9280434
1515496498331, 0.45968673, 11.87524, 4.003105
1515496498351, 0.46926352, 15.543158, 5.0182467
1515496498371, -2.4133554, 10.936713, 1.4173675
1515496498391, -1.1300632, 9.32781, 2.4516625
1515496498411, -1.0821792, 9.730036, 1.3311762
1515496498431, 0.6512229, 9.902418, 0.49799395
1515496498451, 0.7469909, 8.762778, 0.18195933
1515496498471, 1.0247183, 8.820239, 0.31603462
1515496498491, 0.9864111, 8.963891, 0.24899697
1515496498511, 0.9959879, 8.743625, 0.076614454
1515496498531, 0.63206923, 9.624691, 0.38307226
1515496498551, -0.12449849, 10.534488, 0.8714894
1515496498571, -0.48841715, 10.055647, 1.1683705
1515496498591, -0.10534488, 8.734048, 0.79487497
1515496498611, 0.06703765, 7.632715, 0.4309563
1515496498631, -0.15322891, 7.249643, -0.19153613
1515496498651, 0.38307226, 7.920019, -0.93852705
1515496498671, 0.91937345, 8.801085, -1.1875241
1515496498691, 1.091756, 9.270349, -0.05746084
1515496498711, 0.8331822, 8.896853, 0.49799395
1515496498731, 0.36391866, 8.025364, 0.50757074
1515496498751, 0.4213795, 7.795521, -0.019153614
1515496498771, 0.33518824, 8.772355, 0.37349546
1515496498791, 0.5650316, 9.107543, -0.1436521
1515496498811, 0.6799533, 9.356541, -0.8810662
1515496498831, 0.80445176, 9.844957, -1.0534488
1515496498851, 1.3694834, 9.940725, -0.35434186
1515496498871, 1.9919758, 10.132261, -0.45010993
1515496498891, 2.2409728, 11.089942, -0.6895301
1515496498911, 1.7717092, 11.654974, -0.38307226
1515496498931, 0.9864111, 11.865664, -0.17238252
1515496498951, 0.18195933, 13.723564, -0.9768343
1515496498971, 0.2681506, 13.828909, 0.9959879
1515496498991, 1.2066777, 12.890382, -1.8004397
1515496499011, 0.6799533, 12.124237, -3.6104562
1515496499031, -0.60333884, 9.864111, -3.3806129
1515496499051, -1.6184803, 8.896853, -3.4859576
1515496499071, -2.7389667, 10.726024, -2.8538885
1515496499091, -4.223372, 12.727576, -0.019153614
1515496499111, -4.261679, 14.135366, 2.2026656
1515496499131, -2.7964275, 14.81532, 4.414908
1515496499151, -0.7469909, 13.761871, 1.685518
1515496499171, -0.21068975, 11.118672, 0.11492168
1515496499191, 0.641646, 8.896853, 0.641646
1515496499211, -0.009576807, 7.422025, 0.5650316
1515496499231, 0.7661445, 4.7500963, 1.4077905
1515496499250, 0.4213795, 5.3725886, 1.5610195
1515496499271, 0.62249243, 5.66947, 2.3080103
1515496499291, 0.5746084, 5.803545, 2.633622
1515496499311, 0.842759, 4.6160207, 2.2505496
1515496499331, 0.89064306, 4.223372, 2.336741
1515496499351, 0.7469909, 4.865018, 3.074155
1515496499371, 0.90021986, 6.6750345, 3.3614593
1515496499391, 0.9959879, 8.350976, 4.0222588
1515496499411, 1.0821792, 10.342952, 3.964798
1515496499431, 0.8619126, 12.325351, 3.8115692
1515496499451, 0.31603462, 13.40753, 4.2999864
1515496499471, 0.22984336, 13.024457, 8.111555
1515496499491, 1.2258313, 9.481039, 8.24563
1515496499511, 2.336741, 6.8665705, 6.205771
1515496499531, 0.79487497, 14.4609785, 3.8786068
1515496499551, 0.49799395, 15.753847, 4.175488
1515496499571, -3.4476504, 11.540052, 1.6759412
1515496499591, -1.340753, 10.563218, 3.1603463
1515496499610, -0.51714754, 8.762778, 0.4213795
1515496499631, 0.6895301, 9.097966, -0.11492168
1515496499650, 2.815581, 7.144298, -2.078167
1515496499671, 1.2066777, 8.111555, -1.0534488
1515496499691, 0.29688102, 8.925584, 0.8810662
1515496499711, 0.0, 9.576807, 0.49799395
1515496499731, -0.08619126, 10.1226845, 0.90021986
1515496499751, -0.08619126, 9.959879, 1.3311762
1515496499771, -0.038307227, 8.590396, 0.33518824
1515496499791, 0.076614454, 7.603985, 0.019153614
1515496499810, -0.36391866, 6.9719152, 0.08619126
1515496499831, 0.19153613, 7.3071036, -0.5650316
1515496499851, 1.1204864, 8.90643, -0.9576807
1515496499871, 0.7278373, 9.9790325, -0.4405331
1515496499891, 0.82360536, 9.528923, 0.641646
1515496499911, 0.5746084, 8.504205, 0.8619126
1515496499931, 0.45010993, 7.872135, 0.31603462
1515496499951, 0.5650316, 7.776367, -0.095768064
1515496499971, 0.49799395, 8.264784, -0.46926352
1515496499991, 0.9768343, 9.3182335, -1.0821792
1515496500011, 1.13964, 10.821792, -0.9959879
1515496500031, 1.2258313, 11.080365, 0.38307226
1515496500051, 1.292869, 11.15698, -0.047884032
1515496500071, 1.6950948, 11.530476, -1.0055647
1515496500091, 1.6759412, 11.540052, -0.7374141
1515496500111, 1.1109096, 11.319786, 0.038307227
1515496500131, 0.39264908, 12.469003, -0.51714754
1515496500151, -0.61291564, 13.9917145, -0.24899697
1515496500171, 0.08619126, 12.459426, -1.436521
1515496500191, 0.20111294, 11.291056, -3.7732618
1515496500211, -0.4405331, 9.251195, -3.3806129
1515496500231, -1.436521, 9.260772, -3.7732618
1515496500251, -2.4420857, 11.473015, -2.7006595
1515496500271, -3.572149, 13.292608, -0.05746084
1515496500291, -2.9496565, 14.4609785, 1.541866
1515496500311, -0.9768343, 14.911088, 4.003105
1515496500331, -0.17238252, 13.158532, 1.0151415
1515496500351, -0.2681506, 10.247183, 0.23942018
1515496500371, 0.35434186, 9.481039, 1.0821792
1515496500391, 0.1340753, 8.628703, 0.47884035
1515496500411, 0.92895025, 5.3342814, 2.0398598
1515496500431, 0.33518824, 5.5641246, 0.91937345
1515496500451, 0.6703765, 5.8322754, 1.8387469
1515496500471, 0.5554548, 5.6215854, 1.8579005
1515496500491, 0.545878, 4.817134, 1.5705963
1515496500511, 0.45968673, 5.1810527, 2.0494366
1515496500531, 0.46926352, 6.1004257, 2.7102363
1515496500551, 0.5363012, 6.9144545, 3.41892
1515496500571, 0.40222588, 7.699753, 4.156334
1515496500591, 0.22026655, 9.32781, 4.0318356
1515496500611, 0.47884035, 10.91756, 4.1946416
1515496500631, 0.9864111, 11.654974, 4.654328
1515496500651, 1.2162545, 11.022904, 5.2959743
1515496500671, 1.2641385, 10.429143, 6.5218053
1515496500691, 0.8810662, 13.01488, 6.0525417
1515496500711, 1.6663644, 16.060305, 5.889736
1515496500731, 0.24899697, 13.589489, 4.9799395
1515496500751, -0.59376204, 10.582372, 3.4859576
1515496500771, -1.7908629, 6.751649, 1.1875241
1515496500791, -0.842759, 9.165004, 2.2888567
1515496500811, 0.8331822, 8.293514, -0.095768064
1515496500831, 0.8619126, 9.442732, -0.7086837
1515496500851, 1.0534488, 9.662998, -1.733402
1515496500871, 0.9864111, 8.121132, 0.25857377
1515496500891, 0.8523358, 8.542512, -0.06703765
1515496500911, 0.33518824, 8.992621, 0.90021986
1515496500931, 0.19153613, 8.724471, 1.5801731
1515496500951, -0.1340753, 8.676587, 1.1587936
1515496500971, -0.02873042, 8.264784, 0.5746084
1515496500991, 0.19153613, 8.178593, 0.45010993
1515496501011, 0.8810662, 8.542512, 0.41180268
1515496501031, 1.1204864, 9.011775, 0.45968673
1515496501051, 1.0534488, 8.983045, 0.22026655
1515496501071, 0.8810662, 8.293514, 0.34476504
1515496501091, 0.5650316, 7.785944, 0.4213795
1515496501111, 0.20111294, 7.776367, 0.1340753
1515496501131, 0.06703765, 8.034941, -0.21068975
1515496501151, 0.2873042, 8.532935, -0.08619126
1515496501170, 0.5267244, 9.193734, -0.05746084
1515496501191, 0.46926352, 9.921572, 0.12449849
1515496501211, 0.5746084, 10.362105, -0.1436521
1515496501231, 1.4652514, 10.390836, -0.8331822
1515496501251, 2.183512, 10.879252, -1.1300632
1515496501271, 2.1164744, 12.363658, 0.7757214
1515496501291, 0.47884035, 12.172121, -0.4213795
1515496501311, -0.23942018, 14.087482, -2.3080103
1515496501331, 0.58418524, 13.982138, 0.38307226
1515496501350, 1.388637, 13.110648, -2.4133554
1515496501371, 0.48841715, 12.124237, -3.6104562
1515496501391, -0.51714754, 10.208876, -4.807557
1515496501411, -1.5610195, 10.534488, -3.8594532
1515496501430, -3.7253778, 11.712435, -1.4173675
1515496501451, -5.056554, 12.689269, 0.7086837
1515496501470, -4.185065, 13.40753, 2.0111294
1515496501491, -1.7238252, 13.9917145, 3.6583402
1515496501511, -0.5554548, 12.583924, 0.9864111
1515496501531, 0.21068975, 10.007763, -0.90021986
1515496501551, 0.6991069, 8.24563, 0.2681506
1515496501571, 1.685518, 4.271256, 4.5202527
1515496501590, 1.0821792, 4.9416323, 0.6991069
1515496501611, 0.7757214, 6.301539, 1.3215994
1515496501631, 0.641646, 5.401319, 1.6759412
1515496501651, 0.50757074, 5.00867, 1.7525556
1515496501671, 0.40222588, 4.2521024, 1.7812861
1515496501691, 0.17238252, 4.3382936, 3.1124623
1515496501711, 0.20111294, 6.349423, 3.3806129
1515496501731, 0.38307226, 7.4603324, 4.146757
1515496501751, 0.4309563, 9.308656, 4.462792
1515496501771, 0.80445176, 11.291056, 4.5872903
1515496501791, 0.9864111, 12.679692, 4.8937483
1515496501811, 1.1492168, 13.129802, 5.2863975
1515496501831, 0.6607997, 13.88637, 8.552089
1515496501851, 0.79487497, 13.158532, 6.5218053
1515496501871, 1.4077905, 12.689269, 5.3821654
1515496501891, -0.78529817, 9.691729, 3.7349546
1515496501911, -1.4460979, 8.42759, 2.27928
1515496501931, -1.532289, 10.745177, 1.6950948
1515496501951, -0.89064306, 11.654974, 1.0151415
1515496501971, -0.22026655, 10.160992, 0.5650316
1515496501991, 0.2777274, 9.385271, -0.58418524
1515496502011, 0.63206923, 8.197746, -1.0630256
1515496502031, 0.5746084, 8.101978, 0.23942018
1515496502051, 0.7374141, 8.054094, 0.7278373
1515496502071, 0.02873042, 9.337387, 0.80445176
1515496502091, -0.21068975, 10.371682, 1.2354081
1515496502110, 0.11492168, 10.43872, 1.2449849
1515496502131, 0.4213795, 8.992621, 0.94810385
1515496502151, 0.45968673, 7.872135, 0.12449849
1515496502171, 0.6512229, 7.565677, -0.1340753
1515496502191, 0.5650316, 7.73806, 0.0
1515496502211, 0.7278373, 8.121132, -0.05746084
1515496502231, 0.61291564, 8.207323, 0.34476504
1515496502251, 0.48841715, 7.824251, 0.58418524
1515496502271, 0.46926352, 7.489063, 0.59376204
1515496502291, 0.30645782, 8.149862, 0.81402856
1515496502311, 0.10534488, 8.743625, 1.043872
1515496502331, 1.0055647, 9.069236, -0.37349546
1515496502351, 1.4939818, 9.624691, -1.3024458
1515496502371, 1.9249382, 9.662998, -0.90021986
1515496502391, 2.1452048, 9.375694, -0.5267244
1515496502411, 2.432509, 10.505757, -0.5267244
1515496502431, 1.982399, 12.076353, 0.18195933
1515496502451, 1.0055647, 12.737153, 0.29688102
1515496502471, 0.1340753, 14.298173, -0.4405331
1515496502491, 0.63206923, 13.378799, 0.93852705
1515496502510, 1.5705963, 12.4785795, -1.8100165
1515496502531, -0.009576807, 10.486604, -3.0358477
1515496502551, -1.5131354, 9.643845, -3.217807
1515496502571, -2.528277, 10.247183, -3.6583402
1515496502591, -3.0550013, 12.670115, -1.292869
1515496502611, -3.7349546, 14.279019, 1.6472107
1515496502631, -3.1794999, 14.192827, 4.0222588
1515496502651, -1.043872, 14.614207, 3.3901896
1515496502671, 0.12449849, 12.258312, 0.90021986
1515496502691, 1.2066777, 10.70687, 0.91937345
1515496502710, 1.5897499, 9.423578, 0.8523358
1515496502731, 0.94810385, 7.2687964, 0.095768064
1515496502751, 1.1683705, 3.821146, 2.4708161
1515496502771, 0.32561144, 4.807557, 0.9576807
1515496502791, 0.31603462, 5.391742, 1.4652514
1515496502811, 0.47884035, 5.813122, 1.7621324
1515496502831, 0.41180268, 5.1140146, 1.685518
1515496502851, 0.30645782, 4.223372, 1.5705963
1515496502871, -0.02873042, 5.305551, 2.96881
1515496502891, 0.05746084, 6.2728086, 3.5051112
1515496502911, 0.2777274, 7.345411, 3.9264908
1515496502931, 0.24899697, 7.536947, 1.982399
1515496502951, 1.6184803, 12.143391, 4.357447
1515496502971, 1.6759412, 12.248735, 4.050989
1515496502991, 1.283292, 10.371682, 6.483498
1515496503011, 1.4939818, 9.097966, 7.469909
1515496503031, 0.5746084, 12.583924, 5.2768207
1515496503051, 2.5570073, 15.935806, 5.554548
1515496503071, -1.1587936, 12.708423, 2.5091233
1515496503091, -0.4405331, 11.741165, 2.7389667
1515496503111, -1.5131354, 9.605537, 0.45968673
1515496503131, -0.9672575, 10.390836, 1.8004397
1515496503151, 0.23942018, 8.111555, 1.541866
1515496503171, 1.982399, 7.8050976, -0.63206923
1515496503191, 2.0398598, 9.021352, -0.7757214
1515496503211, 1.4652514, 8.6095495, 0.25857377
1515496503230, 1.0342951, 8.743625, 0.8331822
1515496503251, 0.6799533, 10.314221, 0.94810385
1515496503271, -0.076614454, 10.984597, 1.4173675
1515496503291, -0.10534488, 10.333375, 1.292869
1515496503310, 0.0, 9.155427, 1.1587936
1515496503331, -0.06703765, 8.226477, 0.90021986
1515496503351, -0.19153613, 7.795521, 0.7661445
1515496503371, 0.21068975, 7.9966335, -0.1340753
1515496503391, 0.076614454, 8.341399, -0.4405331
1515496503411, 0.17238252, 8.178593, 0.06703765
1515496503431, 0.05746084, 7.565677, 0.8619126
1515496503451, -0.019153614, 7.2113357, 1.3024458
1515496503471, 0.076614454, 8.283937, 1.8291701
1515496503491, 0.39264908, 8.485051, 2.384625
1515496503511, 1.2258313, 8.178593, 1.4077905
1515496503531, 1.7142484, 8.082825, 0.38307226
1515496503551, 2.4229321, 8.389283, -0.047884032
1515496503571, 2.2984335, 8.963891, 0.46926352
1515496503591, 2.2984335, 9.452309, 0.90979666
1515496503611, 2.767697, 9.959879, 0.81402856
1515496503631, 3.0454245, 11.348516, 0.45968673
1515496503651, 2.528277, 12.143391, 0.78529817
1515496503671, 1.1300632, 13.809755, 0.076614454
1515496503691, 1.1971009, 14.4130945, 1.4077905
1515496503711, 1.6950948, 13.378799, -2.6719291
1515496503730, -0.59376204, 13.053187, -3.1028855
1515496503751, -2.777274, 13.321339, -4.357447
1515496503770, -3.7924154, 14.585477, -0.60333884
1515496503791, -4.4340615, 15.71554, 1.6950948
1515496503811, -3.1603463, 15.227123, 4.156334
1515496503831, -0.23942018, 14.317327, 2.9113493
1515496503851, 0.8714894, 13.22557, -0.30645782
1515496503871, 1.043872, 11.013328, 1.532289
1515496503891, 0.92895025, 7.4986396, 1.5993267
1515496503911, 0.90979666, 4.1180267, 0.33518824
1515496503931, 0.6799533, 4.8362875, 0.009576807
1515496503951, 0.6512229, 4.6926355, 0.7278373
1515496503971, 0.38307226, 4.060566, 0.94810385
1515496503991, -0.19153613, 3.41892, 1.388637
1515496504011, -0.47884035, 3.41892, 2.336741
1515496504031, -0.4213795, 3.8881836, 3.0933087
1515496504051, 0.06703765, 4.8937483, 3.1316159
1515496504071, 0.37349546, 6.4547677, 3.7732618
1515496504091, 0.641646, 9.097966, 4.510676
1515496504110, 0.7565677, 10.850522, 4.357447
1515496504130, 0.21068975, 16.721106, 6.0142345
1515496504151, 0.6703765, 12.947843, 6.483498
1515496504170, 1.0247183, 9.548077, 8.350976
1515496504191, 1.388637, 9.557653, 6.895301
1515496504211, 2.3750482, 16.089035, 4.1371803
1515496504231, -2.9975405, 15.466543, 1.1779473
1515496504251, -2.3463178, 13.388376, 3.9743748
1515496504271, -2.2601264, 6.9527617, 2.5570073
1515496504291, -0.9768343, 8.485051, 1.3024458
1515496504311, 1.2258313, 8.274361, -0.89064306
1515496504330, 2.1164744, 8.580819, -1.13964
1515496504351, 2.0398598, 9.279925, -1.1971009
1515496504371, 1.3790601, 9.299079, -1.2737153
1515496504391, 0.6991069, 9.251195, -0.1436521
1515496504411, 0.019153614, 9.653421, 1.292869
1515496504431, -0.4213795, 10.036493, 1.5035586
1515496504451, -0.05746084, 8.992621, 1.13964
1515496504471, -0.48841715, 7.7572136, 1.13964
1515496504491, -0.51714754, 6.7803793, 0.08619126
1515496504511, 0.2873042, 6.8761473, -0.49799395
1515496504531, 0.6991069, 8.437167, -0.8523358
1515496504551, 0.7278373, 9.040505, 0.06703765
1515496504571, 0.90979666, 8.24563, 0.9576807
1515496504591, 0.7374141, 7.5944076, 0.8619126
1515496504611, 0.6512229, 7.833828, 0.5650316
1515496504631, 0.49799395, 8.6574335, 0.047884032
1515496504651, 0.59376204, 9.136273, -0.5554548
1515496504671, 0.49799395, 9.701305, -0.59376204
1515496504691, 1.2066777, 10.218452, -0.31603462
1515496504711, 2.2122424, 10.611102, -1.292869
1515496504731, 2.4708161, 11.042058, -1.5897499
1515496504751, 2.1547816, 11.87524, -0.22026655
1515496504771, 1.4748282, 12.248735, 0.076614454
1515496504791, 0.63206923, 13.579912, -0.40222588
1515496504811, 0.7374141, 13.637373, 0.21068975
1515496504831, 1.2258313, 12.727576, -2.4133554
1515496504851, -0.095768064, 11.597513, -3.8019924
1515496504871, -0.40222588, 10.04607, -3.4572272
1515496504891, -2.0973208, 10.582372, -3.6296098
1515496504911, -4.2999864, 12.679692, -1.7717092
1515496504931, -5.803545, 14.374787, 1.5705963
1515496504951, -4.9320555, 14.144943, 2.815581
1515496504971, -2.6527755, 14.4609785, 1.9728222
1515496504991, -1.1204864, 13.101071, 1.3503298
1515496505011, -0.019153614, 11.233594, 0.6703765
1515496505031, 0.61291564, 9.701305, 1.7812861
1515496505051, 1.2162545, 5.1523223, 2.9783869
1515496505071, 1.0342951, 4.5681367, 1.3982137
1515496505091, 0.7469909, 4.5777135, 1.8195933
1515496505111, 1.3790601, 4.156334, 1.9249382
1515496505131, 1.733402, 3.6966474, 1.6089035
1515496505151, 1.4652514, 3.8019924, 2.1739352
1515496505171, 1.5131354, 3.7253778, 2.7485435
1515496505191, 1.388637, 5.0661306, 3.4380736
1515496505211, 1.2449849, 5.8322754, 4.012682
1515496505231, 1.2258313, 7.8146744, 3.6583402
1515496505251, 1.1875241, 9.605537, 3.169923
1515496505271, 0.842759, 11.779472, 4.223372
1515496505291, 1.1492168, 13.761871, 5.267244
1515496505311, 1.5801731, 12.08593, 7.1155677
1515496505331, 2.3942018, 9.548077, 8.274361
1515496505351, 0.9864111, 9.14585, 5.899313
1515496505371, 0.62249243, 16.692375, 2.5570073
1515496505391, -2.1739352, 13.656527, 2.4899697
1515496505411, -3.6870706, 14.480132, 0.90021986
1515496505431, -2.3463178, 11.750742, 2.6623523
1515496505451, -2.2984335, 10.505757, -0.11492168
1515496505471, 1.0630256, 7.2592196, 0.009576807
1515496505491, 2.2409728, 6.196194, -1.1683705
1515496505511, 2.8060043, 7.1347213, -1.3599066
1515496505531, 1.6472107, 9.069236, -0.12449849
1515496505551, 0.5746084, 11.63582, 0.545878
1515496505571, 0.4213795, 13.081918, 0.6991069
1515496505591, 0.33518824, 11.195287, 1.4173675
1515496505611, 0.038307227, 9.011775, 0.8810662
1515496505631, -0.31603462, 6.9144545, 0.61291564
1515496505651, -0.1340753, 5.2289367, -0.047884032
1515496505671, -0.6512229, 5.315128, -0.38307226
1515496505691, -0.61291564, 7.431602, -0.16280572
1515496505711, 0.31603462, 9.260772, 0.4213795
1515496505731, 0.7469909, 9.519346, 0.61291564
1515496505751, 0.4213795, 8.1402855, 0.545878
1515496505771, -0.34476504, 7.1730285, 0.34476504
1515496505790, -0.08619126, 8.264784, 0.24899697
1515496505811, 0.5363012, 9.902418, -0.61291564
1515496505831, 1.4077905, 10.333375, -0.32561144
1515496505851, 2.183512, 10.515334, -0.33518824
1515496505870, 2.9879637, 11.530476, -0.9576807
1515496505891, 2.8921957, 12.852075, 0.15322891
1515496505910, 1.2545617, 12.670115, -0.40222588
1515496505931, -0.5554548, 15.016433, -0.93852705
1515496505951, 1.3982137, 12.6222315, -0.2873042
1515496505971, 1.8483237, 12.4785795, -4.414908
1515496505991, -0.63206923, 10.850522, -4.6830587
1515496506011, -2.4133554, 10.055647, -5.2002063
1515496506031, -3.8019924, 12.392388, -2.3175871
1515496506051, -5.66947, 14.240712, 1.9057846
1515496506070, -4.817134, 14.480132, 2.6719291
1515496506091, -3.1794999, 13.541605, 2.4516625
1515496506111, -1.5035586, 12.5743475, 1.7525556
1515496506131, 0.0, 9.998186, 1.3599066
1515496506151, 1.0055647, 10.141838, 1.8674773
1515496506171, 0.90021986, 8.963891, 0.842759
1515496506191, 0.79487497, 7.5848308, 0.35434186
1515496506211, 1.4748282, 4.3478703, 1.1875241
1515496506230, 0.9576807, 4.357447, 1.043872
1515496506251, 0.545878, 4.510676, 1.5897499
1515496506271, 0.51714754, 3.6296098, 1.685518
1515496506291, 0.5746084, 3.1507695, 1.6567876
1515496506310, 0.8619126, 4.817134, 2.27928
1515496506331, 1.1683705, 6.3302693, 2.8538885
1515496506351, 1.13964, 8.590396, 3.2369606
1515496506371, 0.8619126, 11.080365, 3.371036
1515496506391, 0.4213795, 14.12579, 4.309563
1515496506411, -0.22026655, 13.503298, 5.985504
1515496506431, 0.038307227, 12.5264635, 10.0269165
1515496506451, 0.06703765, 9.950302, 7.153875
1515496506471, 1.388637, 13.560759, 5.66947
1515496506491, -0.10534488, 13.589489, 4.1659107
1515496506511, -1.436521, 12.593501, 2.882619
1515496506531, -1.8004397, 10.314221, 2.8634653
1515496506551, -1.8674773, 10.869676, 1.4269443
1515496506571, -0.6512229, 9.308656, 1.0821792
1515496506590, 1.3311762, 7.881712, -1.541866
1515496506611, 1.5131354, 8.8777, 0.08619126
1515496506631, 1.733402, 8.7053175, -1.2066777
1515496506651, 0.9768343, 8.66701, -0.9768343
1515496506671, 0.24899697, 9.059659, 0.6895301
1515496506691, -0.4213795, 9.892841, 1.7046716
1515496506711, 0.047884032, 9.864111, 1.5227122
1515496506731, -0.4309563, 8.475474, 1.1875241
1515496506751, -0.22984336, 7.2113357, 0.16280572
1515496506771, 0.5363012, 6.789956, -0.8714894
1515496506791, 0.5363012, 7.3166804, -0.63206923
1515496506811, 0.2873042, 7.9487495, -0.10534488
1515496506831, 0.4405331, 8.073248, 0.4309563
1515496506851, 0.39264908, 7.52737, 0.90021986
1515496506871, 0.5267244, 7.843405, 0.7469909
1515496506891, 0.50757074, 8.7532015, 0.36391866
1515496506911, 0.41180268, 9.088389, -0.59376204
1515496506931, 0.5267244, 9.433155, -0.89064306
1515496506951, 1.3311762, 9.787497, -0.009576807
1515496506971, 1.733402, 10.0269165, -0.39264908
1515496506991, 2.3558946, 10.113108, -1.541866
1515496507011, 2.6144683, 11.530476, -0.7374141
1515496507031, 1.8387469, 12.497733, 0.17238252
1515496507051, 0.51714754, 13.790602, -1.0726024
1515496507071, 0.41180268, 14.748282, 1.6567876
1515496507091, 1.7908629, 13.857639, -1.4269443
1515496507111, 1.5993267, 12.74673, -3.3135753
1515496507131, 0.41180268, 10.812215, -2.72939
1515496507151, -2.0685902, 10.1226845, -3.4859576
1515496507171, -3.6296098, 11.702858, -2.2218192
1515496507191, -4.7884035, 13.22557, 0.62249243
1515496507211, -3.763685, 14.4130945, 1.8483237
1515496507231, -1.8483237, 15.552734, 4.5872903
1515496507251, -0.31603462, 14.173674, 1.2545617
1515496507271, -0.2873042, 11.051635, -0.80445176
1515496507291, 0.90021986, 8.082825, 0.51714754
1515496507311, 1.0151415, 7.575254, -0.35434186
1515496507331, 1.5705963, 3.667917, 1.043872
1515496507351, 0.93852705, 3.5817258, 0.7374141
1515496507371, 0.6991069, 4.012682, 1.2641385
1515496507391, 0.4309563, 4.0222588, 1.3694834
1515496507411, 0.1340753, 4.175488, 2.0111294
1515496507431, 0.0, 4.050989, 2.5761611
1515496507451, 0.18195933, 4.548983, 3.41892
1515496507471, 0.5267244, 5.7843914, 3.1986535
1515496507491, 0.6703765, 7.603985, 3.5051112
1515496507511, 0.59376204, 9.758766, 4.0318356
1515496507531, 0.23942018, 12.105083, 3.7062242
1515496507551, -0.90979666, 16.4338, 5.6982
1515496507571, 0.22984336, 11.118672, 8.24563
1515496507591, 0.78529817, 11.013328, 7.201759
1515496507611, 1.8579005, 15.255854, 4.1946416
1515496507631, -0.30645782, 15.188815, 3.3901896
1515496507651, -2.9592333, 12.200851, 1.3120226
1515496507671, -3.572149, 12.038046, 2.0207062
1515496507691, -1.4077905, 9.155427, 2.1068976
1515496507711, -0.038307227, 7.8050976, -0.18195933
1515496507731, 1.6184803, 8.628703, -1.7525556
1515496507751, 2.7102363, 7.872135, -2.4612393
1515496507771, 1.685518, 7.4124484, -0.21068975
1515496507791, 0.91937345, 8.868123, -0.009576807
1515496507811, 0.12449849, 11.33894, 0.17238252
1515496507831, 0.33518824, 11.827356, 2.0015526
1515496507851, 0.06703765, 10.5919485, 1.7429788
1515496507871, 0.2777274, 8.542512, 0.6703765
1515496507891, -0.22984336, 6.540959, -0.10534488
1515496507911, -0.5267244, 5.21936, -0.9672575
1515496507931, -0.2873042, 6.0716953, -1.13964
1515496507951, -0.019153614, 8.025364, -0.89064306
1515496507971, 0.4213795, 8.485051, 0.22026655
1515496507991, -0.009576807, 7.785944, 0.21068975
1515496508011, -0.5554548, 7.7093296, 0.5554548
1515496508031, -0.16280572, 8.734048, 0.0
1515496508050, 0.60333884, 10.342952, -0.9768343
1515496508071, 1.8483237, 11.453861, -0.30645782
1515496508090, 2.8443117, 11.511322, 0.40222588
1515496508111, 2.9400797, 11.520899, -0.9672575
1515496508130, 2.815581, 12.220005, -0.38307226
1515496508151, 2.4420857, 12.698846, 0.842759
1515496508171, 1.4652514, 13.206416, -0.05746084
1515496508191, -0.06703765, 14.882358, -0.58418524
1515496508211, 0.25857377, 12.890382, -1.6376339
1515496508231, 0.5746084, 11.137826, -3.9743748
1515496508251, -1.043872, 9.519346, -3.6966474
1515496508271, -2.6719291, 9.864111, -2.6910827
1515496508290, -4.7022123, 11.951855, -1.5131354
1515496508311, -4.673482, 14.451402, 0.5554548
1515496508330, -2.7006595, 15.246277, 4.4723687
1515496508351, 0.095768064, 15.71554, 3.3901896
1515496508370, 0.36391866, 13.110648, 0.1436521
1515496508391, 0.7182605, 9.519346, 0.8523358
1515496508411, 0.6512229, 8.24563, 0.2777274
1515496508431, 1.9632454, 3.8977604, 4.185065
1515496508450, 1.0630256, 3.8977604, 0.7469909
1515496508471, 0.8810662, 3.265691, 0.82360536
1515496508490, 0.6895301, 3.763685, 1.4077905
1515496508512, 0.63206923, 3.6774938, 1.6950948
1515496508531, 0.40222588, 3.9073372, 2.4708161
1515496508551, 0.58418524, 4.8937483, 3.0933087
1515496508571, 0.82360536, 6.531382, 3.371036
1515496508591, 0.7086837, 8.523358, 3.4284968
1515496508611, 0.37349546, 9.165004, 2.336741
1515496508631, -0.1436521, 13.618219, 3.7732618
1515496508651, 0.58418524, 13.273455, 4.5777135
1515496508671, 1.13964, 10.907983, 6.885724
1515496508691, 2.1260512, 10.04607, 8.169016
1515496508711, 1.8962077, 8.0445175, 5.535394
1515496508731, 1.5035586, 15.255854, 4.817134
1515496508751, -0.50757074, 12.583924, 3.3518825
1515496508771, -3.1411927, 13.666103, 1.8004397
1515496508791, -2.9783869, 13.819332, 3.5625722
1515496508811, -1.4077905, 8.542512, 1.4269443
1515496508831, -0.10534488, 8.6574335, -0.1340753
1515496508851, 2.882619, 7.9008656, -0.8523358
1515496508871, 1.4652514, 7.73806, -0.8714894
1515496508891, 1.484405, 8.197746, -1.1013328
1515496508911, 0.29688102, 9.854534, 0.19153613
1515496508931, -0.18195933, 11.492168, 0.58418524
1515496508951, -0.7182605, 11.597513, 1.3982137
1515496508971, -1.1971009, 9.557653, 1.091756
1515496508991, -0.94810385, 7.690176, 0.41180268
1515496509011, -0.7661445, 6.1195793, -0.12449849
1515496509031, -0.7757214, 6.1100025, -0.82360536
1515496509051, -0.35434186, 7.335834, -0.9672575
1515496509071, 0.35434186, 8.848969, -0.48841715
1515496509091, 0.93852705, 9.346964, 0.08619126
1515496509111, 0.9768343, 8.571242, 0.6799533
1515496509131, 1.0055647, 7.517793, 0.6512229
1515496509151, 1.2162545, 8.169016, 0.41180268
1515496509171, 1.4556746, 9.14585, 0.12449849
1515496509191, 1.484405, 9.643845, -0.93852705
1515496509211, 1.3120226, 9.931149, -1.6280571
1515496509231, 1.6950948, 9.615114, -0.5746084
1515496509251, 2.135628, 9.902418, -0.58418524
1515496509271, 2.7006595, 11.87524, 0.05746084
1515496509291, 2.2697031, 12.689269, 0.06703765
1515496509311, 1.3215994, 12.191275, 0.41180268
1515496509331, 0.641646, 13.148955, 0.02873042
1515496509351, 0.63206923, 14.077906, 1.1875241
1515496509371, 1.3311762, 12.258312, -1.982399
1515496509391, 0.90021986, 11.511322, -3.7924154
1515496509410, -0.18195933, 9.595961, -3.6296098
1515496509431, -2.030283, 9.730036, -2.7389667
1515496509451, -3.6296098, 11.415554, -1.8866309
1515496509471, -4.3861775, 13.484144, -0.047884032
1515496509491, -3.1316159, 14.872781, 0.92895025
1515496509512, -1.6376339, 15.093047, 4.6830587
1515496509531, -0.48841715, 13.934254, 1.7717092
1515496509551, -0.20111294, 10.793061, -0.2873042
1515496509571, 1.1300632, 9.864111, 1.9536686
1515496509591, 1.0534488, 8.896853, 0.842759
1515496509611, 2.2026656, 4.510676, 4.596867
1515496509631, 1.0726024, 4.1180267, 0.81402856
1515496509651, 0.79487497, 3.41892, 0.79487497
1515496509671, 0.6607997, 3.5529952, 1.1779473
1515496509691, 0.2873042, 3.8019924, 1.9153614
1515496509711, 0.23942018, 4.2425256, 2.7102363
1515496509731, 0.41180268, 5.8705826, 3.323152
1515496509751, 0.48841715, 7.345411, 3.7062242
1515496509771, 0.45968673, 9.14585, 3.7924154
1515496509791, 0.6799533, 10.697293, 3.6870706
1515496509811, 1.2737153, 13.053187, 4.271256
1515496509831, 1.541866, 13.445837, 5.267244
1515496509851, 1.3790601, 13.263878, 10.0269165
1515496509871, 1.6280571, 8.465898, 8.66701
1515496509891, 1.1779473, 11.702858, 5.0278234
1515496509911, 1.4939818, 15.437813, 4.7788267
1515496509931, -2.1547816, 14.451402, 1.7046716
1515496509951, -2.27928, 12.162544, 3.1986535
1515496509971, -2.585738, 6.6846113, 2.480393
1515496509991, -1.4652514, 8.762778, 0.08619126
1515496510011, 0.5746084, 8.66701, -0.009576807
1515496510031, 1.6184803, 8.580819, -0.7374141
1515496510051, 1.5131354, 10.132261, 0.7278373
1515496510071, 0.81402856, 9.720459, 0.038307227
1515496510091, 0.22026655, 9.643845, 0.4405331
1515496510111, -0.24899697, 9.586384, 0.8331822
1515496510131, -0.46926352, 9.107543, 0.2873042
1515496510151, -0.08619126, 7.97748, 0.8810662
1515496510171, -0.641646, 6.991069, 0.60333884
1515496510191, -0.6895301, 6.6079965, 0.22984336
1515496510211, 0.37349546, 7.3071036, -0.51714754
1515496510231, 0.5650316, 8.465898, -0.34476504
1515496510251, 1.0630256, 8.475474, 0.06703765
1515496510271, 1.292869, 7.795521, 0.59376204
1515496510291, 0.8523358, 7.690176, 0.25857377
1515496510311, 0.48841715, 8.360553, 0.038307227
1515496510331, 0.5363012, 8.7532015, -0.019153614
1515496510351, 0.7374141, 9.251195, -0.16280572
1515496510371, 1.1971009, 10.429143, -0.51714754
1515496510390, 2.0207062, 10.6877165, -0.25857377
1515496510411, 2.4708161, 10.371682, -1.0821792
1515496510431, 2.3175871, 11.760319, -0.59376204
1515496510451, 1.7429788, 12.641385, 0.35434186
1515496510471, 0.8331822, 12.564771, 0.8619126
1515496510491, 0.35434186, 14.671668, 0.7182605
1515496510511, 1.1109096, 12.172121, -0.51714754
1515496510531, 1.1779473, 11.789049, -3.86903
1515496510551, 0.047884032, 10.457873, -3.5625722
1515496510571, -0.94810385, 10.228029, -2.815581
1515496510591, -2.7389667, 11.616667, -3.5529952
1515496510611, -4.855441, 13.752295, -0.7182605
1515496510631, -4.4436383, 14.997279, 1.3024458
1515496510651, -2.7389667, 14.690822, 5.995081
1515496510671, -1.0534488, 14.681245, 2.72939
1515496510691, -0.7469909, 11.654974, 0.095768064
1515496510711, 0.29688102, 9.279925, 0.50757074
1515496510731, 0.5363012, 7.4986396, 0.32561144
1515496510751, 1.3024458, 3.265691, 2.5187001
1515496510771, 1.1492168, 3.5913026, 0.81402856
1515496510791, 1.13964, 4.012682, 1.2449849
1515496510811, 1.1492168, 4.10845, 1.6950948
1515496510831, 0.9768343, 4.232949, 2.1643584
1515496510851, 0.82360536, 4.213795, 2.4420857
1515496510871, 0.6991069, 5.0182467, 3.4476504
1515496510891, 0.7086837, 6.167464, 3.4572272
1515496510911, 0.6895301, 8.676587, 3.5051112
1515496510931, 0.7182605, 10.936713, 3.4284968
1515496510951, 0.5554548, 14.049175, 4.2425256
1515496510971, 0.5267244, 13.953407, 5.755661
1515496510991, 1.1875241, 13.005303, 9.854534
1515496511011, 2.0973208, 8.00621, 7.6231384
1515496511031, 1.532289, 11.693281, 4.414908
1515496511051, 1.7238252, 15.361198, 5.267244
1515496511071, -2.2888567, 14.432248, 2.4516625
1515496511091, -1.9536686, 13.292608, 3.5625722
1515496511111, -2.1452048, 7.1347213, 2.777274
1515496511131, -1.5514427, 7.632715, 0.21068975
1515496511151, 0.29688102, 8.66701, 0.25857377
1515496511171, 1.8195933, 8.111555, -0.15322891
1515496511191, 1.7142484, 10.151415, 0.6799533
1515496511211, 1.1492168, 10.323798, 0.31603462
1515496511231, 0.91937345, 9.471462, 0.38307226
1515496511251, 0.80445176, 9.682152, 1.4173675
1515496511271, 0.5363012, 9.500193, 1.3790601
1515496511291, 0.19153613, 8.973468, 0.545878
1515496511311, 0.41180268, 8.207323, 0.90021986
1515496511331, -0.22984336, 7.335834, 0.38307226
1515496511351, 0.4309563, 7.2113357, -0.2873042
1515496511371, 0.47884035, 7.73806, -0.45010993
1515496511391, 0.15322891, 8.226477, 0.48841715
1515496511411, -0.038307227, 8.111555, 1.1300632
1515496511431, 0.18195933, 7.699753, 1.091756
1515496511451, 0.31603462, 7.9104424, 0.41180268
1515496511471, 0.545878, 8.312668, -0.20111294
1515496511491, 1.0247183, 8.916007, -0.842759
1515496511511, 1.3215994, 9.720459, -0.8714894
1515496511531, 1.8387469, 10.553641, -0.33518824
1515496511551, 2.5378537, 10.773908, -0.9576807
1515496511571, 2.7964275, 11.473015, -0.45968673
1515496511591, 2.4612393, 12.564771, 0.7086837
1515496511611, 1.5897499, 13.024457, -0.5650316
1515496511631, 0.4405331, 15.045163, -0.11492168
1515496511651, 0.6703765, 13.618219, -1.0342951
1515496511671, 0.6991069, 13.541605, -3.2561142
1515496511691, -0.23942018, 11.348516, -3.514688
1515496511711, -1.6089035, 10.486604, -2.9592333
1515496511731, -3.620033, 10.821792, -1.6089035
1515496511751, -4.501099, 13.445837, 0.51714754
1515496511771, -3.620033, 14.020445, 1.6376339
1515496511791, -2.0685902, 14.058752, 3.169923
1515496511811, -0.89064306, 12.919112, 1.532289
1515496511831, -0.81402856, 9.844957, 0.45010993
1515496511851, 0.20111294, 8.686164, 1.5035586
1515496511871, 0.39264908, 7.642292, 0.5554548
1515496511891, 1.8674773, 3.8498764, 4.6255975
1515496511911, 1.5610195, 4.3382936, 1.1683705
1515496511931, 0.91937345, 4.9799395, 1.292869
1515496511951, 0.9576807, 4.960786, 1.8195933
1515496511971, 0.60333884, 4.999093, 2.1260512
1515496511991, 0.40222588, 4.5202527, 2.183512
1515496512011, 0.30645782, 5.1810527, 3.122039
1515496512031, 0.78529817, 6.2345014, 3.1890767
1515496512051, 0.9768343, 7.4507556, 3.0071173
1515496512071, 0.81402856, 9.433155, 2.767697
1515496512091, 0.61291564, 10.5440645, 2.815581
1515496512111, 0.6512229, 14.403518, 5.0757074
1515496512132, 0.90979666, 12.612655, 5.21936
1515496512151, 1.6759412, 10.448297, 8.63828
1515496512171, 2.1739352, 10.237606, 4.501099
1515496512191, 2.135628, 15.093047, 5.3342814
1515496512211, -1.7046716, 12.861651, 3.0550013
1515496512231, -2.8060043, 13.64695, 1.3215994
1515496512251, -3.1507695, 12.459426, 2.4229321
1515496512271, -2.2409728, 8.475474, 1.6184803
1515496512291, -0.62249243, 8.322245, 0.37349546
1515496512311, 1.6950948, 7.0006456, -1.1875241
1515496512331, 1.3599066, 8.293514, -1.4939818
1515496512351, 1.1683705, 8.791509, -2.030283
1515496512370, 0.08619126, 9.461885, -0.11492168
1515496512391, -0.38307226, 10.04607, 1.1779473
1515496512410, -0.45010993, 10.275913, 1.4173675
1515496512431, -0.80445176, 9.816227, 0.89064306
1515496512451, -0.50757074, 8.159439, 1.3311762
1515496512471, 0.4309563, 7.0102224, 0.038307227
1515496512491, -0.02873042, 6.9719152, -0.40222588
1515496512511, 0.38307226, 7.680599, -0.92895025
1515496512530, 0.8714894, 8.331821, -0.8331822
1515496512551, 0.79487497, 8.418014, -0.05746084
1515496512570, 1.1013328, 7.776367, 0.45010993
1515496512591, 1.0247183, 8.149862, 0.41180268
1515496512611, 0.89064306, 8.475474, 0.05746084
1515496512631, 0.89064306, 9.279925, -1.2066777
1515496512651, 1.3120226, 10.295067, -1.1300632
1515496512671, 1.4556746, 10.189722, 0.45968673
1515496512691, 1.9057846, 10.496181, -0.20111294
1515496512711, 2.7485435, 12.488156, -0.12449849
1515496512731, 2.384625, 12.966996, -0.02873042
1515496512751, 1.3024458, 13.953407, -0.7374141
1515496512771, -0.61291564, 15.974113, 0.23942018
1515496512791, -0.60333884, 14.489709, -1.5131354
1515496512811, -0.21068975, 14.671668, -3.0454245
1515496512831, -0.11492168, 12.076353, -3.323152
1515496512851, -1.0151415, 10.43872, -2.834735
1515496512871, -2.585738, 10.802638, -3.3423057
1515496512891, -4.060566, 12.239159, -1.8291701
1515496512911, -4.4915223, 12.593501, -0.9864111
1515496512931, -3.2369606, 13.369223, 0.25857377
1515496512951, -1.6472107, 13.761871, 2.882619
1515496512971, -1.0821792, 11.702858, 0.78529817
1515496512991, -0.2873042, 8.561666, -0.48841715
1515496513011, 0.9768343, 3.8402996, 2.6240451
1515496513031, 1.1204864, 5.104438, 0.51714754
1515496513051, 1.340753, 5.449203, 1.1300632
1515496513071, 1.2354081, 4.9416323, 1.4652514
1515496513091, 0.8523358, 4.4819455, 1.8579005
1515496513111, 0.4213795, 3.9935284, 2.2409728
1515496513131, 0.6991069, 3.4380736, 2.4133554
1515496513151, 0.8331822, 4.4819455, 3.0933087
1515496513171, 1.1779473, 6.042965, 2.96881
1515496513191, 1.283292, 7.97748, 3.265691
1515496513211, 0.9864111, 10.6877165, 3.5434184
1515496513231, 0.6895301, 13.474567, 4.309563
1515496513251, 0.6799533, 15.26543, 4.654328
1515496513271, 0.545878, 11.971008, 7.1634517
1515496513291, 1.292869, 10.132261, 8.197746
1515496513311, 2.030283, 13.857639, 5.363012
1515496513331, 1.9632454, 15.648502, 4.146757
1515496513351, -2.920926, 13.618219, 0.8714894
1515496513371, -3.3135753, 11.568783, 1.5705963
1515496513391, -2.6048915, 8.848969, 2.7389667
1515496513411, -0.047884032, 8.465898, -0.19153613
1515496513431, 1.8483237, 7.536947, -2.2984335
1515496513451, 1.982399, 8.848969, -0.34476504
1515496513471, 1.7717092, 9.011775, -1.3599066
1515496513491, 0.6895301, 9.519346, -0.47884035
1515496513511, 0.009576807, 9.749189, 1.2545617
1515496513531, 0.047884032, 9.634268, 1.4077905
1515496513551, -0.17238252, 9.088389, 1.0821792
1515496513571, -0.6703765, 8.034941, 1.1204864
1515496513591, -0.78529817, 6.8665705, 0.24899697
1515496513611, 0.05746084, 6.7133417, -0.5650316
1515496513631, 0.11492168, 7.651869, -0.7182605
1515496513651, 0.38307226, 8.24563, -0.1340753
1515496513671, 0.641646, 8.236053, 0.4405331
1515496513691, 0.39264908, 7.8146744, 0.60333884
1515496513711, 0.30645782, 7.747637, 0.31603462
1515496513731, 0.2681506, 7.9391727, 0.46926352
1515496513751, 0.34476504, 8.647857, -0.10534488
1515496513771, 1.0151415, 10.28549, -1.541866
1515496513791, 2.27928, 10.764331, -1.043872
1515496513811, 2.4037786, 10.601525, -1.283292
1515496513831, 2.4708161, 13.110648, -0.15322891
1515496513851, 1.9632454, 13.350069, -0.009576807
1515496513871, 1.5514427, 14.020445, -1.6950948
1515496513891, 0.6991069, 14.690822, 0.37349546
1515496513911, 0.8810662, 13.570335, -3.0550013
1515496513931, -0.31603462, 13.723564, -4.185065
1515496513951, -1.6567876, 11.21444, -3.4572272
1515496513971, -1.9153614, 10.28549, -2.2218192
1515496513991, -3.8402996, 10.7356, -2.4516625
1515496514011, -4.855441, 12.066776, -0.82360536
1515496514031, -4.213795, 12.861651, 0.8619126
1515496514051, -2.767697, 13.723564, 2.4612393
1515496514071, -0.8619126, 14.221559, 1.7812861
1515496514091, -0.36391866, 11.36767, -0.22984336
1515496514111, 0.009576807, 9.107543, -0.46926352
1515496514131, 0.58418524, 7.6231384, 0.31603462
1515496514151, 1.9919758, 4.309563, 4.4915223
1515496514171, 1.9632454, 4.1946416, 0.4405331
1515496514191, 1.2162545, 4.673482, 0.9768343
1515496514211, 0.92895025, 4.3478703, 1.4652514
1515496514231, 0.6512229, 4.213795, 1.7812861
1515496514251, 0.41180268, 4.232949, 2.3750482
1515496514271, 0.50757074, 5.2768207, 3.1507695
1515496514291, 0.61291564, 6.5601125, 3.3423057
1515496514312, 0.7565677, 7.9391727, 3.5242648
1515496514331, 0.8331822, 10.43872, 2.96881
1515496514351, 0.5746084, 12.794614, 3.5051112
1515496514371, 0.5363012, 14.058752, 4.5681367
1515496514391, 1.2258313, 13.455414, 7.575254
1515496514411, 1.6472107, 9.662998, 7.4124484
1515496514431, 1.4748282, 13.67568, 5.161899
1515496514451, 1.9919758, 16.22311, 5.1906295
1515496514471, -2.9496565, 13.551182, 0.7757214
1515496514491, -3.2369606, 10.486604, 2.6048915
1515496514511, -3.217807, 7.929596, 2.5953147
1515496514531, -1.5705963, 8.580819, 1.0342951
1515496514551, 0.5267244, 7.0102224, -1.3694834
1515496514571, 1.0055647, 9.002198, -1.292869
1515496514591, 1.283292, 10.46745, 0.095768064
1515496514611, 1.1779473, 9.691729, -0.7757214
1515496514631, 0.7182605, 8.935161, -0.20111294
1515496514651, 0.32561144, 8.695741, 0.78529817
1515496514671, 0.038307227, 8.571242, 0.8714894
1515496514691, -0.36391866, 8.389283, 1.2162545
1515496514711, -0.92895025, 7.9583263, 0.92895025
1515496514731, 0.076614454, 7.651869, -0.1340753
1515496514751, 0.41180268, 7.824251, -0.5554548
1515496514771, 0.545878, 7.9391727, -0.6895301
1515496514791, 0.92895025, 7.833828, 0.08619126
1515496514811, 0.81402856, 7.9008656, 0.48841715
1515496514831, 0.7757214, 7.9487495, 0.51714754
1515496514851, 1.0151415, 8.24563, 0.7182605
1515496514871, 0.9959879, 8.485051, 0.10534488
1515496514891, 0.9672575, 9.346964, -1.388637
1515496514910, 1.8579005, 10.43872, -1.0726024
1515496514931, 2.3942018, 10.151415, -0.4213795
1515496514951, 1.8579005, 10.658986, -0.59376204
1515496514971, 1.733402, 12.670115, 0.51714754
1515496514991, 1.1013328, 13.321339, -0.22984336
1515496515011, 0.02873042, 15.351622, -1.9632454
1515496515031, -0.25857377, 14.891934, 1.1779473
1515496515051, 0.81402856, 13.608643, -2.8060043
1515496515070, -0.20111294, 12.516887, -4.2904096
1515496515091, -1.1204864, 9.988609, -3.083732
1515496515111, -2.4420857, 11.051635, -2.585738
1515496515131, -4.357447, 12.459426, -1.6280571
1515496515151, -4.156334, 13.005303, -0.29688102
1515496515171, -2.6527755, 14.144943, 2.9017725
1515496515191, -0.51714754, 14.010868, 3.4955344
1515496515211, -0.6607997, 11.894394, -1.0821792
1515496515231, 0.5267244, 8.8777, -0.095768064
1515496515251, 1.2258313, 7.335834, 0.7757214
1515496515271, 1.9632454, 3.9456444, 2.633622
1515496515291, 1.3120226, 4.1659107, 0.12449849
1515496515311, 0.5746084, 4.261679, 0.641646
1515496515331, 0.34476504, 3.9552212, 1.2162545
1515496515351, 0.02873042, 4.060566, 1.8674773
1515496515371, 0.10534488, 3.8498764, 2.0111294
1515496515391, 0.24899697, 4.807557, 2.882619
1515496515411, 0.63206923, 6.1004257, 2.7581203
1515496515431, 0.8810662, 7.8529816, 2.930503
1515496515451, 0.6799533, 9.9790325, 3.3901896
1515496515471, 0.21068975, 12.334928, 3.7828386
1515496515491, 0.30645782, 14.470555, 4.596867
1515496515511, 1.2545617, 11.262324, 7.565677
1515496515531, 2.4133554, 9.662998, 8.111555
1515496515551, 2.327164, 9.835381, 3.9839516
1515496515571, 1.2545617, 15.68681, 2.4133554
1515496515591, -2.4420857, 16.347609, 0.89064306
1515496515611, -4.4915223, 13.589489, 1.3694834
1515496515631, -3.7828386, 8.734048, 2.4420857
1515496515651, -2.135628, 7.565677, 0.6991069
1515496515671, -0.29688102, 8.159439, -0.095768064
1515496515691, 1.541866, 7.0964136, -1.0821792
1515496515711, 1.7142484, 8.810662, -0.18195933
1515496515731, 0.49799395, 10.7356, -0.7086837
1515496515751, 0.17238252, 11.051635, 0.49799395
1515496515771, 0.6895301, 10.850522, 0.79487497
1515496515791, 0.20111294, 9.835381, 0.11492168
1515496515811, -0.23942018, 8.408437, 0.50757074
1515496515831, -0.33518824, 7.1059904, 0.5267244
1515496515851, -0.6991069, 6.205771, 0.076614454
1515496515871, -0.6991069, 6.205771, -0.34476504
1515496515891, 0.1436521, 7.575254, -0.61291564
1515496515911, 0.7469909, 9.030929, -0.22026655
1515496515931, 1.1875241, 8.283937, 0.7278373
1515496515951, 1.0247183, 7.153875, 0.10534488
1515496515971, 0.90021986, 7.6231384, -0.41180268
1515496515991, 0.93852705, 8.7532015, -0.30645782
1515496516011, 1.2449849, 10.199299, -0.61291564
1515496516031, 2.3750482, 10.773908, -0.641646
1515496516051, 2.5570073, 10.409989, -0.39264908
1515496516071, 2.2984335, 11.204864, -0.8810662
1515496516091, 2.3558946, 12.689269, 0.11492168
1515496516111, 1.6089035, 13.139379, -0.6799533
1515496516131, -0.5267244, 15.102624, -0.6991069
1515496516150, -0.5746084, 13.8480625, 0.31603462
1515496516171, -0.2681506, 13.982138, -3.1986535
1515496516191, -0.8619126, 11.980585, -3.9743748
1515496516211, -1.388637, 10.314221, -3.0358477
1515496516231, -2.2888567, 10.362105, -3.371036
1515496516251, -3.9456444, 11.616667, -1.9249382
1515496516271, -4.3382936, 12.74673, -0.16280572
1515496516291, -3.7349546, 14.030022, 1.9536686
1515496516311, -1.7908629, 14.777013, 4.0892963
1515496516331, -0.9576807, 12.469003, 0.82360536
1515496516351, 0.38307226, 8.303091, 0.2873042
1515496516371, 0.91937345, 7.0964136, 0.34476504
1515496516391, 1.1204864, 5.793968, 0.35434186
1515496516411, 1.340753, 3.6487634, 0.94810385
1515496516431, 0.5650316, 3.86903, 1.3215994
1515496516451, 0.2873042, 4.3478703, 1.6280571
1515496516471, 0.4405331, 4.2521024, 1.8962077
1515496516491, 0.90979666, 4.2425256, 2.4037786
1515496516511, 1.4173675, 4.8362875, 3.2465374
1515496516531, 1.6950948, 6.1100025, 2.930503
1515496516551, 1.4939818, 7.8050976, 2.2601264
1515496516571, 1.6184803, 9.969456, 3.6966474
1515496516590, 1.0247183, 13.40753, 3.8307228
1515496516611, -0.10534488, 14.681245, 3.9552212
1515496516631, -0.48841715, 12.497733, 7.5848308
1515496516651, 0.17238252, 9.500193, 6.8186865
1515496516671, 0.20111294, 14.039598, 5.2863975
1515496516691, -0.1340753, 15.2367, 4.462792
1515496516711, -3.0262709, 12.5264635, 2.4995465
1515496516731, -2.96881, 9.528923, 4.4723687
1515496516751, -2.9400797, 9.203311, 1.532289
1515496516771, -0.2681506, 9.461885, 0.47884035
1515496516791, 1.3694834, 9.030929, -1.4652514
1515496516811, 1.388637, 9.011775, -1.3120226
1515496516831, 1.5227122, 9.069236, -0.33518824
1515496516851, 0.9672575, 9.921572, -0.21068975
1515496516871, 0.5554548, 10.036493, 0.7278373
1515496516891, 0.51714754, 9.710882, 1.13964
1515496516911, 0.31603462, 8.935161, 1.1875241
1515496516931, 0.0, 7.8529816, 1.2066777
1515496516951, -0.45968673, 6.9048777, 0.6512229
1515496516971, -0.32561144, 6.6175733, -0.5554548
1515496516991, 0.2681506, 7.422025, -0.89064306
1515496517011, 0.10534488, 8.446744, -0.20111294
1515496517031, 0.19153613, 8.197746, 1.0534488
1515496517050, 0.20111294, 7.565677, 1.2545617
1515496517071, 0.45010993, 7.680599, 0.5363012
1515496517091, 0.6703765, 8.312668, 0.1340753
1515496517111, 1.1300632, 8.896853, 0.1340753
1515496517131, 1.5227122, 9.356541, -0.7182605
1515496517151, 1.7429788, 10.0269165, -0.8523358
1515496517170, 2.4995465, 10.620679, -0.641646
1515496517191, 2.6144683, 12.603078, -0.047884032
1515496517211, 2.1068976, 12.823344, 0.047884032
1515496517231, 0.60333884, 14.317327, -2.231396
1515496517251, -0.047884032, 14.144943, -0.12449849
1515496517271, 0.7565677, 14.221559, -3.2752678
1515496517291, -0.18195933, 13.359646, -3.3423057
1515496517311, -1.2354081, 11.415554, -3.6391866
1515496517331, -2.5953147, 11.176133, -3.5051112
1515496517351, -4.9895163, 12.0571995, -1.13964
1515496517371, -5.5641246, 12.765883, 0.2777274
1515496517391, -4.0797195, 13.302185, 0.81402856
1515496517411, -2.7389667, 12.488156, 4.5298295
1515496517431, -0.9768343, 12.708423, 1.388637
1515496517451, -0.02873042, 10.093954, -0.20111294
1515496517471, 0.45968673, 8.418014, 0.4213795
1515496517491, 0.4213795, 7.2304893, 0.4405331
1515496517511, 1.1492168, 4.280833, 3.6774938
1515496517530, 0.6512229, 3.4859576, 0.49799395
1515496517551, 0.2681506, 4.2521024, 1.5514427
1515496517571, -0.019153614, 4.271256, 1.7812861
1515496517591, -0.076614454, 4.7405195, 1.9153614
1515496517611, 0.20111294, 4.673482, 2.2888567
1515496517631, 0.5267244, 6.033388, 3.1316159
1515496517651, 1.1875241, 7.73806, 3.4763808
1515496517671, 1.3599066, 9.519346, 4.185065
1515496517691, 1.0055647, 11.166556, 4.003105
1515496517711, 0.11492168, 13.426683, 3.8402996
1515496517731, 0.009576807, 13.187263, 5.2768207
1515496517751, 0.59376204, 11.980585, 9.11712
1515496517771, 1.0247183, 9.126697, 6.157887
1515496517791, 1.4077905, 14.5088625, 4.175488
1515496517811, -0.51714754, 14.12579, 2.4516625
1515496517831, -3.5625722, 11.87524, 0.7086837
1515496517851, -2.9496565, 9.864111, 3.0262709
1515496517871, -3.3518825, 10.036493, -0.39264908
1515496517891, -1.292869, 10.477027, 0.545878
1515496517911, 0.91937345, 7.240066, -0.94810385
1515496517931, 1.13964, 8.944737, -0.32561144
1515496517951, 1.3311762, 10.007763, 0.08619126
1515496517971, 0.6512229, 9.883265, -0.019153614
1515496517991, 0.45968673, 10.218452, 0.6895301
1515496518011, 0.038307227, 10.132261, 0.23942018
1515496518031, -0.17238252, 8.647857, 0.8714894
1515496518051, 0.4309563, 7.833828, 0.46926352
1515496518071, -0.34476504, 7.1155677, -0.2777274
1515496518091, -0.51714754, 6.5505357, -0.6703765
1515496518111, -0.31603462, 6.9527617, -0.9576807
1515496518131, 0.076614454, 7.326257, -0.50757074
1515496518151, 0.91937345, 7.7667904, -0.2873042
1515496518171, 1.5993267, 8.1881695, 0.2777274
1515496518191, 1.532289, 8.197746, 0.21068975
1515496518211, 1.1013328, 8.274361, 0.15322891
1515496518233, 1.13964, 9.3182335, -0.545878
1515496518251, 1.6089035, 10.726024, -0.93852705
1515496518271, 2.078167, 10.984597, 0.25857377
1515496518291, 2.2026656, 10.812215, -0.5267244
1515496518311, 2.1260512, 12.50731, 0.6895301
1515496518331, 1.6759412, 12.650962, 0.80445176
1515496518351, 0.39264908, 14.537593, -1.9153614
1515496518371, -0.5650316, 15.44739, 0.7086837
1515496518391, 0.35434186, 13.67568, -3.0071173
1515496518411, -0.06703765, 12.152967, -4.098873
1515496518431, -1.3215994, 10.0748005, -2.8921957
1515496518451, -3.0550013, 11.434708, -2.815581
1515496518471, -4.8841715, 13.484144, -0.45968673
1515496518491, -3.7541082, 14.4130945, 0.49799395
1515496518511, -2.4516625, 14.432248, 4.6830587
1515496518531, -0.79487497, 13.962984, 1.6472107
1515496518551, -0.58418524, 10.371682, 0.08619126
1515496518571, 0.019153614, 8.686164, 0.9768343
1515496518591, 0.41180268, 7.479486, 0.8810662
1515496518611, 1.3790601, 4.4436383, 3.6774938
1515496518631, 0.91937345, 3.4955344, 0.36391866
1515496518651, 0.6512229, 3.7924154, 0.8714894
1515496518671, 0.45010993, 3.6008794, 1.3215994
1515496518691, 0.47884035, 3.323152, 1.4460979
1515496518711, 0.6512229, 3.514688, 1.7046716
1515496518731, 0.8523358, 5.00867, 2.327164
1515496518751, 0.9959879, 6.540959, 2.834735
1515496518771, 1.1779473, 8.446744, 3.5625722
1515496518791, 1.1204864, 10.821792, 3.7924154
1515496518811, 0.46926352, 13.67568, 4.060566
1515496518830, -0.4405331, 14.30775, 5.353435
1515496518851, 0.20111294, 9.528923, 8.0924015
1515496518871, 0.10534488, 10.419566, 4.721366
1515496518891, 0.7565677, 16.108189, 3.3518825
1515496518911, -2.96881, 18.2917, 1.5035586
1515496518931, -3.8786068, 12.737153, 3.8881836
1515496518951, -2.8921957, 5.1140146, 2.6240451
1515496518971, -1.733402, 8.590396, 0.2777274
1515496518991, 0.7086837, 9.232041, -0.4213795
1515496519011, 2.5474305, 8.66701, -1.6567876
1515496519031, 2.5091233, 9.883265, -0.48841715
1515496519051, 1.3982137, 9.5385, -0.4309563
1515496519070, 0.46926352, 9.461885, 0.02873042
1515496519091, -0.2873042, 9.77792, 1.2162545
1515496519111, -0.41180268, 9.471462, 1.685518
1515496519131, -0.34476504, 8.7532015, 1.283292
1515496519151, -0.19153613, 7.9391727, 0.63206923
1515496519171, -0.22984336, 7.2209125, -0.12449849
1515496519191, -0.21068975, 6.6846113, -0.59376204
1515496519211, 0.1340753, 6.8665705, -0.82360536
1515496519231, 0.2873042, 7.5848308, -0.4213795
1515496519251, 0.50757074, 8.054094, 0.22984336
1515496519271, 0.78529817, 7.967903, 0.34476504
1515496519291, 0.79487497, 7.9008656, 0.24899697
1515496519311, 0.7374141, 8.0924015, -0.19153613
1515496519331, 1.532289, 9.088389, -1.3694834
1515496519351, 2.480393, 10.065224, -1.2545617
1515496519371, 2.4420857, 10.237606, -0.60333884
1515496519391, 2.0015526, 10.180145, -0.5267244
1515496519411, 2.078167, 12.334928, 0.6703765
1515496519431, 1.8004397, 13.120225, 1.3503298
1515496519451, 0.1340753, 13.809755, -1.3694834
1515496519471, -0.2777274, 15.064317, 0.08619126
1515496519491, 0.63206923, 13.934254, -3.371036
1515496519511, 0.49799395, 12.220005, -3.6966474
1515496519531, -0.8714894, 10.668563, -3.2848446
1515496519550, -3.083732, 11.176133, -3.7349546
1515496519571, -5.305551, 13.340492, -1.0247183
1515496519590, -5.5258174, 15.179238, 1.4460979
1515496519611, -3.8115692, 14.403518, 5.046977
1515496519630, -1.5993267, 15.524004, 2.5570073
1515496519651, -0.21068975, 12.469003, 1.1779473
1515496519671, 0.4405331, 9.289502, 0.009576807
1515496519691, 1.1109096, 7.7572136, 0.24899697
1515496519711, 1.6759412, 4.175488, 1.7621324
1515496519731, 1.13964, 3.7541082, 0.34476504
1515496519751, 0.51714754, 3.5817258, 0.7086837
1515496519771, 0.37349546, 3.5913026, 1.2162545
1515496519791, 0.31603462, 4.146757, 1.6472107
1515496519810, 0.79487497, 4.012682, 2.1452048
1515496519831, 1.2162545, 3.8498764, 2.0015526
1515496519856, 1.0726024, 5.861006, 2.7485435
1515496519871, 0.7278373, 7.383718, 3.169923
1515496519890, 0.15322891, 9.56723, 3.2465374
1515496519910, 0.32561144, 12.641385, 3.6008794
1515496519931, 1.388637, 13.88637, 4.817134
1515496519950, 2.2888567, 11.81778, 6.8665705
1515496519970, 2.6623523, 9.433155, 8.178593
1515496519990, 1.4652514, 10.754754, 5.602432
1515496520011, 0.9959879, 16.328455, 3.8115692
1515496520031, -2.432509, 15.734694, 1.733402
1515496520050, -5.315128, 16.941372, 0.5363012
1515496520070, -3.8019924, 11.18571, 2.920926
1515496520090, -2.7485435, 6.0525417, -0.22026655
1515496520110, 0.8619126, 7.833828, -0.6703765
1515496520130, 1.7812861, 7.5465236, -0.1436521
1515496520150, 1.7717092, 9.586384, -1.0151415
1515496520170, 0.45010993, 11.051635, 0.7278373
1515496520190, 0.62249243, 10.97502, 1.6759412
1515496520211, 0.7182605, 11.18571, 1.4460979
1515496520230, 0.1436521, 9.864111, 0.8523358
1515496520251, 0.076614454, 7.929596, 1.484405
1515496520270, -0.16280572, 6.215348, 0.81402856
1515496520290, -0.37349546, 5.2959743, -0.06703765
1515496520310, -0.58418524, 5.8801594, -0.36391866
1515496520330, 0.02873042, 7.2592196, -0.545878
1515496520350, 0.63206923, 8.121132, -0.545878
1515496520370, 0.9768343, 8.169016, 0.16280572
1515496520390, 0.37349546, 7.6710224, 0.34476504
1515496520411, 0.20111294, 8.121132, 0.29688102
1515496520431, 0.7661445, 9.241618, -0.02873042
1515496520450, 1.292869, 10.180145, -0.79487497
1515496520470, 2.1739352, 10.28549, -0.6991069
1515496520490, 3.1794999, 10.5440645, -0.90021986
1515496520510, 3.1603463, 12.430696, -0.06703765
1515496520531, 2.0207062, 12.756307, 1.1971009
1515496520551, 0.18195933, 12.861651, -0.18195933
1515496520571, -1.1109096, 14.144943, 0.58418524
1515496520591, 0.31603462, 11.60709, -0.46926352
1515496520611, 1.0055647, 10.553641, -3.466804
1515496520630, -0.9768343, 10.208876, -4.501099
1515496520651, -1.7238252, 11.57836, -6.8569937
1515496520671, -4.1946416, 15.332468, -1.3982137
1515496520690, -5.21936, 18.042704, 1.3599066
1515496520711, -3.9552212, 16.730682, 4.654328
1515496520731, -2.6527755, 14.030022, 2.9879637
1515496520751, -2.3558946, 9.998186, 0.019153614
1515496520771, -0.06703765, 8.90643, 0.8619126
1515496520791, 0.46926352, 7.4986396, 0.90979666
1515496520811, 1.6089035, 4.271256, 3.2848446
1515496520831, 1.4077905, 4.8458643, 1.1875241
1515496520851, 1.4269443, 5.2959743, 1.6950948
1515496520871, 1.4269443, 4.606444, 1.7717092
1515496520891, 1.3215994, 3.3423057, 1.733402
1515496520911, 1.1013328, 3.1890767, 2.2888567
1515496520931, 1.1300632, 4.0222588, 2.7581203
1515496520951, 2.078167, 5.7748146, 3.4572272
1515496520971, 2.0973208, 7.7093296, 3.2752678
1515496520991, 1.9249382, 10.247183, 1.733402
1515496521011, 0.9672575, 13.608643, 3.0071173
1515496521031, -0.33518824, 14.824897, 5.104438
1515496521051, -1.6184803, 13.962984, 7.1155677
1515496521071, -1.1109096, 18.44493, 10.04607
1515496521091, -0.51714754, 14.020445, 5.7365074
1515496521111, -0.5650316, 12.880805, 4.8267107
1515496521131, -0.9672575, 7.699753, 3.1411927
1515496521151, -1.5705963, 9.232041, 1.3694834
1515496521170, -0.5267244, 11.252748, 1.0055647
1515496521190, 0.038307227, 10.457873, -0.095768064
1515496521210, 0.78529817, 9.940725, -0.7374141
1515496521231, 0.8714894, 8.24563, -1.388637
1515496521251, 0.78529817, 8.494628, -1.4460979
1515496521270, -0.009576807, 9.011775, 1.7621324
1515496521291, 0.076614454, 8.437167, 2.078167
1515496521310, 0.06703765, 8.408437, 0.6895301
1515496521331, -0.79487497, 8.7532015, 0.63206923
1515496521351, -0.60333884, 8.101978, 0.63206923
1515496521371, 0.45010993, 7.881712, 0.047884032
1515496521391, 0.48841715, 8.293514, -0.4405331
1515496521411, 0.7661445, 7.9487495, 0.038307227
1515496521431, 0.47884035, 7.1059904, 0.22026655
1515496521451, 0.2777274, 6.2823853, 0.32561144
1515496521471, 0.46926352, 6.339846, 0.1340753
1515496521491, 0.6991069, 7.479486, 0.095768064
1515496521511, 1.0726024, 9.088389, -0.5267244
1515496521530, 1.3694834, 11.070788, -0.59376204
1515496521551, 2.1164744, 12.459426, -0.10534488
1515496521571, 3.323152, 12.133814, -0.45968673
1515496521591, 3.064578, 12.181698, -0.22026655
1515496521611, 1.9919758, 13.254301, -0.63206923
1515496521631, 0.17238252, 15.897499, -2.8634653
1515496521651, -1.0247183, 15.428236, -1.1109096
1515496521671, -0.40222588, 14.403518, -1.1300632
1515496521691, -1.292869, 12.545617, -2.681506
1515496521711, -2.566584, 10.611102, -3.3327289
1515496521731, -2.9113493, 11.032481, -3.3518825
1515496521751, -3.3806129, 11.089942, -2.5378537
1515496521771, -3.3997664, 11.827356, -2.1643584
1515496521791, -2.9879637, 15.006856, 3.41892
1515496521811, -1.6089035, 13.838486, 1.5993267
1515496521831, -1.8674773, 10.362105, 0.32561144
1515496521851, -0.6512229, 8.734048, 0.20111294
1515496521871, 0.5746084, 5.3247046, 3.064578
1515496521891, 0.90979666, 5.401319, 0.50757074
1515496521911, 0.92895025, 4.3478703, 0.6799533
1515496521931, 0.9672575, 3.6104562, 1.1587936
1515496521951, 0.78529817, 3.0358477, 1.436521
1515496521971, 0.46926352, 3.3806129, 1.9057846
1515496521991, 0.7278373, 5.1906295, 3.064578
1515496522011, 1.4077905, 6.6175733, 3.4955344
1515496522031, 1.7238252, 7.4986396, 4.7022123
1515496522051, 1.6950948, 8.24563, 5.851429
1515496522071, 1.4652514, 9.720459, 5.171476
1515496522091, 0.82360536, 12.727576, 6.445191
1515496522111, 0.6607997, 13.771448, 7.3549876
1515496522131, 0.19153613, 10.103531, 7.7189064
1515496522151, 0.89064306, 6.397307, 8.1402855
1515496522171, -0.08619126, 12.804191, 4.903325
1515496522191, 1.0247183, 15.897499, 3.016694
1515496522211, -2.9400797, 13.273455, 0.79487497
1515496522231, -2.4420857, 9.337387, 3.7349546
1515496522251, -1.8004397, 8.801085, 0.5554548
1515496522271, -0.20111294, 9.299079, 1.0534488
1515496522291, 0.9864111, 8.207323, -0.21068975
1515496522311, 1.8866309, 9.528923, -0.8619126
1515496522331, 2.432509, 9.80665, -0.1340753
1515496522351, 2.0685902, 9.595961, 2.27928
1515496522371, 1.8770541, 9.3182335, 0.545878
1515496522391, 1.1875241, 9.155427, -0.10534488
1515496522411, 0.18195933, 8.571242, 0.48841715
1515496522431, -0.15322891, 7.728483, 0.7757214
1515496522451, -0.7469909, 6.943185, 0.4213795
1515496522471, -0.8619126, 6.646304, -0.2681506
1515496522491, -0.5267244, 6.895301, -0.35434186
1515496522511, -0.12449849, 7.4507556, -0.2873042
1515496522531, 0.20111294, 8.00621, -0.2873042
1515496522551, 0.1436521, 8.1881695, 0.40222588
1515496522571, -0.038307227, 8.312668, 0.5267244
1515496522591, -0.2777274, 8.283937, 0.2777274
1515496522611, 0.58418524, 9.203311, 0.40222588
1515496522631, 1.4269443, 11.329363, -0.39264908
1515496522651, 2.777274, 12.612655, -1.0534488
1515496522671, 2.9113493, 12.727576, -0.842759
1515496522691, 1.5514427, 12.29662, -0.2681506
1515496522711, 0.6799533, 12.545617, 0.5746084
1515496522731, 0.21068975, 14.958972, -1.3120226
1515496522751, -0.62249243, 14.422671, -0.22984336
1515496522771, -0.076614454, 12.430696, -4.050989
1515496522791, -0.5554548, 10.496181, -4.003105
1515496522811, -1.3215994, 9.5385, -3.4572272
1515496522831, -2.432509, 11.022904, -3.2561142
1515496522851, -4.261679, 13.254301, -1.3694834
1515496522871, -4.453215, 14.585477, 0.6607997
1515496522891, -2.5474305, 15.275007, 5.66947
1515496522911, -0.90979666, 14.662091, 2.5187001
1515496522931, -1.1875241, 10.67814, -0.18195933
1515496522951, -0.16280572, 9.241618, -0.6703765
1515496522971, 1.6089035, 4.6160207, 4.999093
1515496522991, 1.0151415, 5.535394, 0.2873042
1515496523011, 1.4173675, 5.3725886, 0.63206923
1515496523031, 1.1109096, 4.0701427, 0.7565677
1515496523051, 0.34476504, 3.371036, 1.9632454
1515496523071, 0.19153613, 3.5529952, 2.4133554
1515496523091, 0.22026655, 4.2042184, 2.825158
1515496523111, 0.37349546, 5.6215854, 3.0071173
1515496523131, 0.7374141, 6.751649, 2.9783869
1515496523151, 1.0726024, 7.3549876, 4.309563
1515496523171, 1.0821792, 9.605537, 4.462792
1515496523191, 0.81402856, 12.143391, 6.1100025
1515496523211, 0.5650316, 13.819332, 7.019799
1515496523231, -0.2777274, 11.951855, 7.4124484
1515496523251, -0.19153613, 12.909535, 4.3382936
1515496523271, 1.2066777, 18.100164, 7.5944076
1515496523291, -1.1013328, 15.763424, 2.7964275
1515496523311, -3.122039, 9.595961, 2.0207062
1515496523331, -3.5434184, 6.8282633, 2.2505496
1515496523351, -1.292869, 8.360553, 2.3558946
1515496523371, 1.5993267, 7.067683, -0.35434186
1515496523391, 1.3311762, 9.174581, -1.1300632
1515496523411, 1.3503298, 11.271901, -1.2162545
1515496523431, 1.5801731, 10.381259, 0.32561144
1515496523451, 1.3599066, 9.528923, 1.1013328
1515496523471, 0.641646, 9.414001, 0.29688102
1515496523491, -0.40222588, 8.63828, 0.8331822
1515496523511, -0.31603462, 7.9391727, 1.4556746
1515496523531, -0.1340753, 7.2687964, 0.5554548
1515496523551, -0.45968673, 7.4124484, -0.2681506
1515496523571, -0.19153613, 7.5944076, -0.20111294
1515496523591, -0.095768064, 7.833828, 0.16280572
1515496523611, -0.1436521, 7.881712, 0.047884032
1515496523631, -0.12449849, 7.5465236, 0.6895301
1515496523651, 0.05746084, 7.575254, 1.0534488
1515496523671, 0.5650316, 7.73806, 0.5363012
1515496523691, 0.9672575, 8.264784, -0.5267244
1515496523711, 1.1109096, 9.002198, -0.6512229
1515496523731, 0.9959879, 9.299079, 0.2777274
1515496523751, 1.3120226, 9.883265, -0.32561144
1515496523771, 2.1068976, 10.91756, -0.61291564
1515496523791, 2.327164, 12.469003, 0.02873042
1515496523811, 1.532289, 12.076353, 0.15322891
1515496523831, 0.82360536, 12.545617, -0.545878
1515496523851, 0.19153613, 16.424223, -0.48841715
1515496523871, 0.22026655, 14.15452, -3.3806129
1515496523891, 0.22026655, 12.660539, -3.6966474
1515496523910, -0.8331822, 10.745177, -3.86903
1515496523931, -1.5993267, 11.137826, -3.4476504
1515496523951, -3.5529952, 11.980585, -1.4077905
1515496523971, -4.2425256, 12.401965, 0.18195933
1515496523991, -3.5242648, 12.938266, 1.0821792
1515496524011, -2.2026656, 13.512875, 2.7389667
1515496524031, -1.3311762, 12.220005, 1.7142484
1515496524051, -0.17238252, 10.25676, 0.92895025
1515496524071, 0.076614454, 8.944737, 0.076614454
1515496524091, 0.63206923, 8.025364, 0.5746084
1515496524111, 0.47884035, 7.5944076, -0.08619126
1515496524131, 0.2873042, 6.445191, -0.009576807
1515496524151, 0.545878, 3.4955344, 1.2545617
1515496524171, -0.21068975, 4.7979803, 1.0534488
1515496524191, -0.22984336, 4.903325, 1.6663644
1515496524211, -0.39264908, 5.209783, 2.1643584
1515496524231, -0.019153614, 4.4436383, 2.1547816
1515496524251, 0.545878, 4.6255975, 2.6240451
1515496524271, 0.79487497, 6.7133417, 3.371036
1515496524291, 1.292869, 9.050082, 3.572149
1515496524311, 1.4939818, 11.137826, 3.2944214
1515496524331, 1.6567876, 12.53604, 3.6870706
1515496524351, 1.3982137, 12.239159, 4.146757
1515496524371, 0.6512229, 11.654974, 7.297527
1515496524391, 1.4269443, 8.341399, 6.588843
1515496524411, 2.8921957, 7.3549876, 6.291962
1515496524431, 1.5227122, 12.497733, 3.7924154
1515496524451, 1.0055647, 15.8304615, 2.585738
1515496524471, -0.82360536, 13.666103, 1.5801731
1515496524491, -5.554548, 14.997279, 0.47884035
1515496524511, -2.9592333, 9.030929, 3.466804
1515496524532, -2.1930888, 7.642292, 0.545878
1515496524551, -0.6991069, 7.0964136, 0.36391866
1515496524571, 0.89064306, 6.6846113, 1.2258313
1515496524591, 1.1875241, 8.446744, 0.08619126
1515496524611, -0.78529817, 12.497733, -0.6703765
1515496524631, 0.25857377, 11.530476, 1.1779473
1515496524651, 1.091756, 10.46745, 0.6512229
1515496524671, 0.019153614, 9.030929, -0.35434186
1515496524691, -0.7182605, 7.335834, 0.095768064
1515496524711, -0.8714894, 6.3206925, 0.6991069
1515496524731, -1.2545617, 6.751649, 0.22026655
1515496524751, -0.842759, 8.034941, -0.019153614
1515496524771, 0.038307227, 8.801085, -0.08619126
1515496524791, 2.480393, 8.6095495, -0.02873042
1515496524811, 2.27928, 8.312668, -0.29688102
1515496524831, 1.8866309, 7.565677, -0.7278373
1515496524851, 1.9249382, 8.341399, -0.29688102
1515496524871, 1.283292, 9.394848, -0.45010993
1515496524891, 0.9576807, 10.266336, -0.91937345
1515496524911, 1.2162545, 10.6398325, 0.06703765
1515496524931, 1.2066777, 10.716447, 0.009576807
1515496524951, 0.91937345, 12.26789, 0.9768343
1515496524971, 0.9864111, 12.995727, 0.34476504
1515496524991, 0.18195933, 15.725117, -2.6623523
1515496525011, -0.5746084, 15.9262295, 0.16280572
1515496525031, 0.45968673, 14.78659, -2.432509
1515496525051, 0.4309563, 13.053187, -3.0358477
1515496525073, -0.37349546, 10.228029, -3.2848446
1515496525090, -1.685518, 9.720459, -3.5051112
1515496525110, -2.5187001, 11.463438, -2.6240451
1515496525131, -2.528277, 12.660539, -1.6663644
1515496525151, -1.3120226, 14.480132, 2.4708161
1515496525171, -1.1683705, 14.020445, 3.5817258
1515496525191, -2.4133554, 10.266336, -0.63206923
1515496525211, -0.6703765, 8.437167, 0.5554548
1515496525231, 0.9864111, 4.8362875, 3.9839516
1515496525251, 1.2162545, 6.445191, 1.043872
1515496525271, 1.3982137, 5.1140146, 1.2641385
1515496525291, 1.4556746, 3.6104562, 1.3599066
1515496525311, 0.9864111, 3.2465374, 1.1683705
1515496525331, 0.81402856, 3.5913026, 1.5514427
1515496525351, 0.89064306, 4.5202527, 2.7868507
1515496525371, 1.1300632, 5.535394, 3.3997664
1515496525391, 1.0342951, 6.7324953, 3.763685
1515496525411, 0.93852705, 8.389283, 4.0797195
1515496525431, 0.7469909, 10.67814, 3.9552212
1515496525451, 0.2873042, 12.880805, 4.367024
1515496525471, 0.50757074, 13.608643, 5.449203
1515496525491, 0.7182605, 10.936713, 7.3071036
1515496525511, 0.6799533, 9.892841, 7.0581064
1515496525531, 0.842759, 14.738706, 4.050989
1515496525551, -2.135628, 16.749836, 2.0398598
1515496525571, -2.96881, 10.5919485, 3.083732
1515496525591, -2.3558946, 6.3206925, 1.4077905
1515496525611, -0.8810662, 7.52737, 1.1013328
1515496525631, 1.3120226, 6.991069, -2.1452048
1515496525651, 2.3654714, 8.935161, -1.3120226
1515496525671, 2.0685902, 9.873688, -0.047884032
1515496525691, 0.7278373, 9.921572, -0.41180268
1515496525711, 0.02873042, 9.557653, 1.0821792
1515496525731, 0.35434186, 10.036493, 1.091756
1515496525751, -0.08619126, 10.352529, 0.94810385
1515496525771, 0.10534488, 9.481039, 0.641646
1515496525791, 0.11492168, 8.207323, 0.94810385
1515496525811, -0.06703765, 6.8569937, 0.50757074
1515496525831, -0.4213795, 6.1387334, -0.45010993
1515496525851, -0.30645782, 6.483498, -1.043872
1515496525871, -0.18195933, 7.632715, -0.842759
1515496525891, -0.12449849, 7.4028716, 0.22984336
1515496525911, -0.10534488, 7.144298, 0.48841715
1515496525931, -0.076614454, 7.872135, -0.25857377
1515496525951, -0.047884032, 8.963891, 0.6799533
1515496525971, 0.50757074, 9.998186, -0.78529817
1515496525991, 1.5035586, 11.233594, -1.4748282
1515496526011, 2.528277, 11.415554, -0.6991069
1515496526031, 2.8538885, 11.281479, -0.20111294
1515496526051, 2.528277, 11.856087, -0.019153614
1515496526071, 2.0590134, 12.373235, 0.5746084
1515496526090, 1.4077905, 12.603078, -0.49799395
1515496526111, 0.10534488, 14.920665, -0.25857377
1515496526131, -0.10534488, 13.110648, -2.72939
1515496526151, 0.18195933, 11.980585, -4.759673
1515496526171, -1.4173675, 11.042058, -4.146757
1515496526191, -2.4708161, 11.099519, -3.3518825
1515496526211, -4.271256, 12.430696, -2.4708161
1515496526231, -4.9703627, 14.298173, 0.18195933
1515496526251, -3.9935284, 14.384364, 2.6431987
1515496526271, -2.327164, 13.570335, 3.7445314
1515496526291, -1.1492168, 12.0093155, 0.7374141
1515496526311, -0.30645782, 10.352529, 0.8331822
1515496526331, 0.38307226, 9.385271, 0.842759
1515496526351, 0.61291564, 8.590396, 0.80445176
1515496526371, 1.0726024, 6.5696893, 0.6991069
1515496526391, 1.1492168, 3.620033, 0.58418524
1515496526411, 0.94810385, 3.4955344, 0.6703765
1515496526431, 0.58418524, 3.916914, 1.2258313
1515496526451, 0.15322891, 4.060566, 1.9057846
1515496526471, 0.08619126, 4.0797195, 2.432509
1515496526490, 0.12449849, 5.45878, 3.3423057
1515496526511, 0.39264908, 7.07726, 3.8498764
1515496526530, 0.81402856, 9.030929, 3.6487634
1515496526551, 0.9864111, 10.649409, 3.0262709
1515496526571, 0.8331822, 13.139379, 4.0318356
1515496526591, 1.2737153, 12.861651, 5.793968
1515496526611, 1.7908629, 12.363658, 7.881712
1515496526631, 1.4556746, 8.925584, 5.6790466
1515496526651, 1.2066777, 15.294161, 4.0892963
1515496526671, 0.2777274, 15.773001, 3.5338416
1515496526691, -3.2082303, 13.120225, 1.2641385
1515496526711, -3.0454245, 11.60709, 2.3175871
1515496526731, -3.2944214, 9.730036, 0.7661445
1515496526751, -1.3024458, 7.8529816, 1.2545617
1515496526771, 0.9576807, 6.493075, -1.0055647
1515496526791, 2.27928, 7.73806, 0.45010993
1515496526811, 1.685518, 10.065224, -0.24899697
1515496526831, 1.0726024, 10.429143, -0.009576807
1515496526851, 0.9864111, 10.25676, 0.5650316
1515496526871, 0.2873042, 9.548077, 1.0534488
1515496526891, -0.5267244, 8.743625, 0.91937345
1515496526911, -1.3215994, 7.632715, 1.0151415
1515496526931, -1.1875241, 6.5218053, 0.59376204
1515496526951, -0.6512229, 6.9144545, -0.19153613
1515496526971, 0.12449849, 8.073248, -0.5363012
1515496526991, 0.93852705, 8.494628, -0.18195933
1515496527011, 1.436521, 7.6231384, -0.15322891
1515496527031, 1.5514427, 7.192182, -1.1013328
1515496527051, 1.0342951, 7.9008656, -0.7374141
1515496527071, 0.095768064, 8.6095495, 0.29688102
1515496527091, -0.11492168, 9.212888, 0.009576807
1515496527111, 0.6799533, 10.505757, -0.6703765
1515496527131, 2.0973208, 11.501745, -0.29688102
1515496527151, 2.1547816, 12.028469, 0.4213795
1515496527171, 1.9153614, 11.645397, 0.15322891
1515496527191, 1.4173675, 11.9135475, 0.37349546
1515496527211, 0.32561144, 12.928689, -0.12449849
1515496527231, -1.4748282, 14.60463, 0.5650316
1515496527251, 1.0726024, 12.0093155, -3.1986535
1515496527271, 0.59376204, 11.013328, -4.7979803
1515496527291, -0.8619126, 10.314221, -5.592855
1515496527311, -2.3175871, 11.923124, -3.7349546
1515496527331, -4.280833, 13.752295, 0.20111294
1515496527351, -4.721366, 13.982138, 0.4213795
1515496527370, -3.4284968, 14.240712, 3.9839516
1515496527391, -1.4269443, 12.756307, 2.2601264
1515496527411, -1.2258313, 9.605537, -0.23942018
1515496527431, 0.39264908, 9.126697, 1.4269443
1515496527451, 0.9576807, 8.973468, 1.1492168
1515496527471, 1.7621324, 6.301539, 4.2042184
1515496527491, 1.1587936, 6.0621185, 0.8810662
1515496527511, 0.58418524, 5.583278, 1.043872
1515496527530, 0.7757214, 4.2521024, 1.2641385
1515496527551, 0.62249243, 3.4284968, 1.340753
1515496527571, 0.61291564, 2.9017725, 1.4939818
1515496527591, 0.58418524, 3.964798, 2.5474305
1515496527611, 0.79487497, 5.2289367, 2.873042
1515496527631, 0.7374141, 6.7803793, 3.9456444
1515496527651, 0.6991069, 8.858546, 3.3518825
1515496527671, 0.51714754, 12.871228, 4.10845
1515496527691, 0.1340753, 15.102624, 4.185065
1515496527711, 0.2681506, 11.9135475, 6.7229185
1515496527731, 1.1683705, 9.940725, 8.676587
1515496527751, 0.92895025, 12.105083, 5.5258174
1515496527771, 0.842759, 15.380352, 3.0262709
1515496527791, -2.6623523, 15.006856, 1.2258313
1515496527811, -3.3135753, 12.641385, 1.6280571
1515496527831, -2.087744, 8.42759, 3.074155
1515496527851, -1.9440918, 8.7053175, -0.7374141
1515496527871, -0.019153614, 8.034941, -0.047884032
1515496527891, 1.3982137, 7.7189064, 0.17238252
1515496527911, 2.0015526, 8.887277, -0.34476504
1515496527931, 0.8810662, 10.524911, -0.7086837
1515496527951, 0.29688102, 10.381259, 1.0151415
1515496527971, -0.11492168, 10.25676, 1.1971009
1515496527991, -0.22026655, 9.701305, 0.47884035
1515496528011, -0.30645782, 9.155427, 0.46926352
1515496528031, -0.5650316, 8.504205, 0.51714754
1515496528051, -0.8619126, 6.6271505, 0.1340753
1515496528071, -0.39264908, 6.349423, -0.46926352
1515496528091, -0.08619126, 7.575254, -0.5554548
1515496528111, 0.20111294, 8.6574335, 0.038307227
1515496528131, 1.1779473, 8.772355, 0.46926352
1515496528151, 1.1492168, 7.9966335, 0.1436521
1515496528171, 0.7086837, 7.575254, -0.34476504
1515496528191, 0.545878, 8.121132, -0.4213795
1515496528211, 0.7757214, 9.251195, -0.15322891
1515496528231, 1.1779473, 10.371682, -0.34476504
1515496528251, 2.0973208, 11.003751, -0.46926352
1515496528271, 2.6048915, 10.563218, -0.8523358
1515496528291, 2.087744, 11.243171, -0.02873042
1515496528311, 1.733402, 11.884817, 1.2449849
1515496528331, 0.4405331, 14.058752, -0.60333884
1515496528351, -0.5554548, 14.60463, 1.6280571
1515496528371, 0.9672575, 12.698846, -1.8291701
1515496528391, 1.1587936, 12.0571995, -3.5242648
1515496528411, 0.22984336, 10.67814, -3.6966474
1515496528431, -1.8195933, 10.515334, -5.554548
1515496528451, -3.1124623, 12.555194, -2.1643584
1515496528470, -4.1946416, 14.805743, 1.5610195
1515496528491, -3.1124623, 15.677233, 4.3287168
1515496528510, -1.0726024, 14.595054, 3.1603463
1515496528531, -0.31603462, 11.865664, -0.40222588
1515496528551, 1.1587936, 10.352529, 0.25857377
1515496528571, 1.091756, 8.90643, -0.08619126
1515496528591, 1.7621324, 4.5202527, 1.9057846
1515496528611, 1.1492168, 5.104438, 0.08619126
1515496528631, 0.61291564, 5.755661, 1.1587936
1515496528651, 0.59376204, 5.094861, 1.2737153
1515496528671, -0.038307227, 5.0182467, 1.8770541
1515496528691, -0.10534488, 3.9839516, 1.7046716
1515496528711, -0.02873042, 3.6296098, 2.1739352
1515496528731, 0.095768064, 4.76925, 2.7485435
1515496528750, 0.7182605, 5.5641246, 2.9592333
1515496528772, 0.8714894, 7.0485296, 3.323152
1515496528791, 0.58418524, 9.9790325, 3.3518825
1515496528811, 0.46926352, 11.300632, 3.8498764
1515496528831, 0.02873042, 14.106636, 5.6407394
1515496528851, 0.49799395, 10.850522, 5.717354
1515496528871, 1.091756, 9.490616, 6.799533
1515496528891, 2.0207062, 15.773001, 3.964798
1515496528911, 0.02873042, 12.871228, 3.265691
1515496528931, -0.51714754, 14.958972, 2.9975405
1515496528951, -0.047884032, 10.70687, 4.510676
1515496528971, -1.283292, 7.7093296, 0.21068975
1515496528991, -0.06703765, 9.749189, 1.1492168
1515496529011, 1.388637, 8.331821, 0.047884032
1515496529031, 1.3503298, 8.925584, -0.5746084
1515496529051, 0.7661445, 9.471462, -0.35434186
1515496529071, 0.6512229, 8.896853, 1.0342951
1515496529091, 0.59376204, 9.519346, 0.38307226
1515496529111, -0.019153614, 10.228029, 1.1013328
1515496529131, -0.047884032, 10.065224, 0.93852705
1515496529151, 0.06703765, 9.921572, 0.9576807
1515496529171, -0.22984336, 8.848969, 0.90979666
1515496529191, -0.34476504, 7.97748, 0.41180268
1515496529211, 0.019153614, 7.929596, -0.17238252
1515496529231, 0.2681506, 8.178593, -0.4213795
1515496529251, 0.641646, 8.236053, -0.47884035
1515496529271, 0.48841715, 8.169016, -0.2681506
1515496529291, 0.35434186, 7.517793, 0.33518824
1515496529311, 0.076614454, 6.9527617, 0.4213795
1515496529331, 0.05746084, 7.1730285, 0.545878
1515496529351, 0.1436521, 7.795521, 1.0534488
1515496529371, 0.6512229, 8.42759, 0.91937345
1515496529391, 1.3311762, 8.983045, 0.17238252
1515496529411, 2.0973208, 9.56723, -0.24899697
1515496529431, 3.1124623, 10.419566, 0.21068975
1515496529451, 3.3901896, 10.984597, 0.5554548
1515496529471, 3.1411927, 11.386824, 0.5363012
1515496529491, 2.27928, 12.689269, -0.4213795
1515496529511, 0.24899697, 15.2367, 0.842759
1515496529531, 0.842759, 14.097059, -0.7661445
1515496529551, 0.80445176, 13.934254, -2.4420857
1515496529571, -0.82360536, 12.29662, -2.96881
1515496529591, -2.6048915, 10.658986, -4.2042184
1515496529611, -2.8921957, 11.434708, -2.0207062
1515496529631, -3.5051112, 12.6222315, 0.047884032
1515496529651, -3.1986535, 13.627796, 1.3694834
1515496529671, -2.2888567, 14.757859, 2.96881
1515496529691, -0.8331822, 13.867216, 2.480393
1515496529711, -0.32561144, 11.999739, 0.25857377
1515496529731, 0.82360536, 10.01734, 1.3694834
1515496529751, 0.61291564, 8.714894, 0.076614454
1515496529771, 1.541866, 4.951209, 4.999093
1515496529791, 0.90021986, 4.6830587, 1.1013328
1515496529811, 0.6512229, 5.0182467, 1.1204864
1515496529831, 0.16280572, 5.133168, 1.6759412
1515496529851, -0.095768064, 4.644751, 1.7621324
1515496529871, 0.11492168, 3.4763808, 1.532289
1515496529891, 0.38307226, 4.146757, 2.480393
1515496529911, 0.842759, 5.315128, 3.0933087
1515496529930, 0.5267244, 5.544971, 1.9440918
1515496529951, 0.038307227, 7.8050976, 2.9496565
1515496529971, -0.34476504, 11.042058, 4.31914
1515496529991, -1.2162545, 16.778566, 5.6790466
1515496530011, 0.90021986, 12.823344, 5.4300494
1515496530031, 1.2737153, 10.70687, 6.991069
1515496530051, 1.685518, 8.264784, 6.5505357
1515496530071, 0.89064306, 12.794614, 4.2904096
1515496530091, 1.1492168, 13.876793, 2.8443117
1515496530111, -4.1180267, 13.215993, 1.0821792
1515496530131, -4.060566, 13.532028, 1.436521
1515496530151, -2.4995465, 11.3964, 0.45010993
1515496530171, -0.39264908, 7.967903, 1.292869
1515496530191, 1.091756, 6.4068837, 0.009576807
1515496530211, 2.0590134, 7.422025, -0.9959879
1515496530231, 2.2026656, 8.887277, -0.31603462
1515496530251, 2.0973208, 11.176133, 1.1013328
1515496530271, 1.6184803, 12.555194, 0.7374141
1515496530291, 0.4309563, 10.793061, 0.63206923
1515496530311, -0.33518824, 8.485051, 1.043872
1515496530331, -1.0630256, 6.397307, 0.7661445
1515496530351, -1.4939818, 5.085284, 0.4309563
1515496530371, -1.283292, 6.0238113, 0.02873042
1515496530391, -0.11492168, 8.2169, 0.35434186
1515496530411, 1.5993267, 8.829816, 0.9576807
1515496530431, 2.4037786, 8.360553, 1.1300632
1515496530451, 1.7525556, 7.680599, 0.5267244
1515496530471, 1.6663644, 7.5561004, -0.24899697
1515496530491, 2.183512, 8.714894, -1.1300632
1515496530511, 2.3463178, 10.055647, -1.1587936
1515496530531, 1.7429788, 10.275913, -0.7661445
1515496530551, 1.2449849, 11.128249, -0.32561144
1515496530571, 0.8619126, 12.785037, 1.9153614
1515496530591, 0.545878, 12.804191, 0.94810385
1515496530611, -0.40222588, 15.409082, -1.1971009
1515496530631, -0.08619126, 14.54717, 0.0
1515496530651, 0.32561144, 12.832921, -3.0262709
1515496530671, -0.78529817, 10.486604, -3.6008794
1515496530690, -2.528277, 9.720459, -3.8498764
1515496530711, -3.3901896, 11.84651, -3.2082303
1515496530730, -4.2042184, 13.9438305, 0.6799533
1515496530751, -3.2273839, 15.389929, 7.3071036
1515496530770, -0.12449849, 17.84159, 5.00867
1515496530791, -0.019153614, 13.445837, 1.340753
1515496530811, 1.1779473, 8.734048, 0.1436521
1515496530831, 2.1643584, 5.535394, 4.7309427
1515496530851, 1.2162545, 5.267244, 0.21068975
1515496530871, 0.46926352, 5.535394, 0.5746084
1515496530890, 0.31603462, 4.673482, 0.8619126
1515496530911, 0.15322891, 3.7062242, 1.2258313
1515496530931, 0.81402856, 2.2122424, 1.4556746
1515496530951, 1.2449849, 2.432509, 2.5570073
1515496530970, 1.4748282, 3.8881836, 2.873042
1515496530991, 2.135628, 6.033388, 3.0262709
1515496531011, 1.685518, 6.8665705, 0.80445176
1515496531031, 2.5091233, 10.582372, 3.1028855
1515496531050, 0.36391866, 16.76899, 4.271256
1515496531071, -0.35434186, 14.010868, 5.3342814
1515496531090, -0.1340753, 10.6877165, 7.690176
1515496531111, 0.25857377, 9.461885, 6.397307
1515496531131, -0.12449849, 14.192827, 3.1316159
1515496531151, -0.1436521, 15.456966, 2.5091233
1515496531171, -4.280833, 14.84405, 0.9768343
1515496531191, -3.8786068, 11.942278, 0.18195933
1515496531211, -2.183512, 11.003751, 0.29688102
1515496531231, -0.25857377, 7.038953, -0.34476504
1515496531251, 1.6950948, 6.8282633, -1.2258313
1515496531271, 2.719813, 8.121132, -1.484405
1515496531291, 2.183512, 9.270349, -1.0726024
1515496531311, 0.82360536, 10.381259, 0.46926352
1515496531331, 0.45968673, 10.821792, 1.541866
1515496531351, -0.076614454, 10.754754, 2.3654714
1515496531371, -0.7661445, 9.682152, 1.9440918
1515496531391, -1.0055647, 8.437167, 1.5801731
1515496531411, -0.6512229, 6.751649, 1.5705963
1515496531431, -0.038307227, 7.3549876, 1.484405
1515496531451, 0.37349546, 8.628703, 1.6759412
1515496531471, 0.9576807, 8.992621, 1.1971009
1515496531491, 1.6567876, 8.255207, 0.79487497
1515496531511, 2.0494366, 7.8912888, 0.15322891
1515496531531, 1.7908629, 7.8625584, 0.009576807
1515496531551, 1.4173675, 8.1881695, -0.095768064
1515496531571, 1.4748282, 8.446744, 0.5267244
1515496531591, 2.231396, 9.059659, -0.15322891
1515496531611, 2.566584, 11.252748, -1.3982137
1515496531631, 2.6240451, 12.756307, -0.02873042
1515496531651, 2.030283, 12.152967, 1.0055647
1515496531671, 1.1492168, 11.243171, 1.9632454
1515496531691, -0.1436521, 11.808203, -0.22026655
1515496531711, -1.6472107, 15.50485, -1.5227122
1515496531731, -1.6567876, 12.0571995, -1.9728222
1515496531751, -0.7469909, 10.658986, -3.9552212
1515496531771, -1.3694834, 9.9790325, -3.5051112
1515496531791, -1.4748282, 11.511322, -3.3997664
1515496531811, -2.9496565, 14.911088, -0.7086837
1515496531831, -2.815581, 17.985243, 3.7732618
1515496531851, -1.7908629, 14.432248, 3.3806129
1515496531871, -1.4077905, 10.812215, 0.15322891
1515496531891, -0.63206923, 9.624691, 1.6663644
1515496531914, 0.78529817, 7.249643, 4.7405195
1515496531930, 0.82360536, 5.9759274, 0.8523358
1515496531950, 0.8810662, 5.66947, 1.091756
1515496531970, 0.5746084, 4.0414124, 0.5554548
1515496531991, 0.17238252, 2.873042, 0.25857377
1515496532010, -0.21068975, 3.4763808, 1.532289
1515496532031, -0.10534488, 3.6966474, 2.815581
1515496532051, 0.45010993, 4.673482, 3.41892
1515496532071, 1.4269443, 5.985504, 3.9935284
1515496532091, 1.685518, 8.303091, 4.5681367
1515496532111, 1.8674773, 10.955867, 4.596867
1515496532131, 0.8331822, 14.709975, 6.8665705
1515496532151, 0.6512229, 15.600618, 7.335834
1515496532171, 0.22026655, 12.612655, 5.4204726
1515496532191, 1.6567876, 15.102624, 6.742072
1515496532211, 3.1986535, 15.198392, 7.249643
1515496532231, -0.12449849, 6.8761473, 1.1204864
1515496532251, -2.1452048, 9.662998, 1.0534488
1515496532271, -0.7469909, 9.816227, 2.882619
1515496532291, 0.076614454, 10.01734, 0.62249243
1515496532311, 0.2873042, 9.097966, -0.5267244
1515496532331, 1.0055647, 9.672575, -0.7278373
1515496532351, 1.3790601, 9.232041, 0.23942018
1515496532371, 1.1013328, 8.446744, 1.1492168
1515496532391, 0.90979666, 8.149862, 1.1875241
1515496532411, 0.80445176, 8.312668, 3.074155
1515496532431, 1.1587936, 8.226477, 1.0630256
1515496532451, 0.22026655, 8.350976, 0.30645782
1515496532471, -0.076614454, 8.283937, -0.36391866
1515496532491, 0.2873042, 8.494628, -0.39264908
1515496532511, 0.08619126, 8.226477, 0.0
1515496532531, -0.02873042, 7.6710224, 0.45010993
1515496532551, -0.12449849, 6.933608, -0.019153614
1515496532571, 0.05746084, 6.493075, -0.51714754
1515496532591, 0.10534488, 6.7324953, -0.79487497
1515496532611, -0.009576807, 7.824251, -0.39264908
1515496532631, 0.49799395, 8.743625, 0.5267244
1515496532651, 0.90021986, 10.093954, 0.37349546
1515496532671, 1.8291701, 12.344504, 0.58418524
1515496532691, 2.7389667, 12.133814, 0.18195933
1515496532711, 2.873042, 12.105083, -1.1109096
1515496532731, 1.9536686, 13.522451, -3.1028855
1515496532751, 0.63206923, 14.039598, -1.7142484
1515496532771, -0.019153614, 12.804191, -1.9249382
1515496532791, -0.91937345, 13.129802, -2.0111294
1515496532811, -2.3080103, 11.568783, -2.5761611
1515496532831, -3.4380736, 11.137826, -3.0262709
1515496532851, -4.1659107, 10.563218, -2.3463178
1515496532871, -4.1180267, 11.511322, -0.45968673
1515496532895, -4.0701427, 12.727576, 1.2066777
1515496532911, -3.8594532, 12.899959, 1.9632454
1515496532931, -2.777274, 12.756307, 2.087744
1515496532951, -1.340753, 11.118672, 0.81402856
1515496532971, -0.40222588, 9.270349, 1.5610195
1515496532991, 0.36391866, 9.56723, 1.5035586
1515496533011, 0.5650316, 9.356541, 1.4939818
1515496533031, 0.7278373, 8.475474, 0.9672575
1515496533050, 1.1587936, 4.8362875, 2.9496565
1515496533071, 0.45010993, 4.185065, 1.340753
1515496533091, 0.20111294, 4.759673, 1.4556746
1515496533111, 0.39264908, 4.4244847, 1.3024458
1515496533131, 0.6799533, 4.1180267, 1.4173675
1515496533151, 0.842759, 4.7405195, 2.5091233
1515496533172, 1.2066777, 5.841852, 3.1411927
1515496533191, 1.6663644, 6.933608, 4.050989
1515496533211, 1.733402, 7.4028716, 2.7964275
1515496533231, 1.8866309, 10.007763, 4.0797195
1515496533251, 1.0726024, 13.953407, 5.1140146
1515496533271, 1.091756, 11.789049, 5.583278
1515496533291, 1.388637, 9.509769, 7.07726
1515496533311, 1.0726024, 11.233594, 5.2289367
1515496533331, 1.4939818, 16.443377, 3.0262709
1515496533351, -4.4244847, 16.500837, 0.90021986
1515496533371, -4.0892963, 10.6877165, 2.1260512
1515496533391, -3.8498764, 9.097966, 1.2641385
1515496533411, -2.1164744, 9.385271, 1.6663644
1515496533431, -0.20111294, 8.590396, -0.1340753
1515496533451, 0.8331822, 9.758766, -0.16280572
1515496533471, 0.79487497, 10.764331, 0.8714894
1515496533491, 0.24899697, 10.984597, 0.61291564
1515496533511, 1.0055647, 11.281479, 1.091756
1515496533531, 1.3215994, 11.128249, 0.21068975
1515496533551, 0.78529817, 9.749189, -0.6799533
1515496533571, 0.1436521, 8.0445175, -0.1340753
1515496533591, -0.545878, 6.981492, 0.05746084
1515496533611, -0.5746084, 7.0006456, -0.23942018
1515496533631, -0.20111294, 8.418014, -0.02873042
1515496533651, 0.2873042, 9.844957, 0.5267244
1515496533671, 0.7086837, 9.394848, 0.91937345
1515496533691, 0.61291564, 8.0445175, 0.61291564
1515496533710, 0.59376204, 7.97748, 0.93852705
1515496533731, 1.1109096, 7.9487495, 0.8331822
1515496533751, 1.6280571, 8.513782, 0.4405331
1515496533771, 1.934515, 8.504205, 0.46926352
1515496533791, 1.1779473, 7.9966335, -0.12449849
1515496533811, 0.5650316, 7.9966335, -0.82360536
1515496533831, -0.5363012, 10.113108, -3.0358477
1515496533851, -2.480393, 13.388376, -0.19153613
1515496533871, -3.074155, 11.118672, 2.5570073
1515496533891, -4.644751, 10.601525, -2.8538885
1515496533911, -3.9360676, 13.953407, -2.681506
1515496533931, -4.357447, 15.514427, -1.5801731
1515496533951, -4.280833, 14.068329, -0.08619126
1515496533971, -4.9895163, 12.497733, 0.33518824
1515496533991, -5.2959743, 12.26789, 0.4213795
1515496534011, -4.5681367, 12.038046, -0.6991069
1515496534031, -3.8115692, 11.262324, -0.047884032
1515496534051, -3.2944214, 10.649409, -0.6512229
1515496534071, -2.5474305, 10.419566, -0.6703765
1515496534091, -1.436521, 9.299079, 1.6567876
1515496534111, -1.3120226, 8.954314, 0.5554548
1515496534131, -0.9672575, 8.599973, 0.8619126
1515496534151, -0.50757074, 7.9583263, 0.8714894
1515496534171, -0.1436521, 7.6614456, 1.0630256
1515496534191, 0.16280572, 7.5082164, 1.6376339
1515496534211, 0.20111294, 7.5848308, 2.0111294
1515496534231, 0.30645782, 7.0581064, 2.1452048
1515496534251, 0.61291564, 6.445191, 2.183512
1515496534271, 0.8714894, 6.349423, 2.5187001
1515496534291, 1.4173675, 6.3589997, 2.3750482
1515496534311, 1.5897499, 7.1155677, 2.2218192
1515496534331, 2.078167, 7.920019, 3.4284968
1515496534351, 2.2505496, 10.208876, 6.196194
1515496534371, 1.5897499, 11.568783, 3.572149
1515496534391, 0.6512229, 14.058752, -0.047884032
1515496534411, -4.8267107, 20.69548, -1.0726024
1515496534431, -7.8050976, 7.8912888, -4.3861775
1515496534451, -2.7102363, 1.6089035, -0.6703765
1515496534471, -1.3024458, 6.3302693, 0.63206923
1515496534491, -0.5363012, 10.553641, 2.2505496
1515496534511, -0.7757214, 15.466543, 0.5554548
1515496534531, -0.94810385, 17.199945, -1.4460979
1515496534551, -0.05746084, 12.497733, 0.641646
1515496534571, -0.8619126, 10.840945, -0.90979666
1515496534591, -0.545878, 9.500193, -2.9496565
1515496534611, 0.05746084, 8.542512, -3.371036
1515496534631, 1.1875241, 8.542512, -3.4859576
1515496534651, 2.5953147, 9.155427, -2.6048915
1515496534671, 3.5529952, 9.864111, -0.5650316
1515496534691, 2.9879637, 9.184157, 0.1340753
1515496534711, 3.7732618, 8.082825, -0.6799533
1515496534731, 4.050989, 8.274361, -1.8674773
1515496534751, 3.4284968, 8.169016, -0.11492168
1515496534771, 2.8443117, 9.279925, 1.3599066
1515496534791, 2.3750482, 9.500193, 0.80445176
1515496534811, 2.2122424, 8.6095495, 0.8810662
1515496534831, 2.5378537, 7.7667904, 0.60333884
1515496534851, 2.585738, 8.063671, 0.23942018
1515496534871, 2.3750482, 8.954314, 0.20111294
1515496534891, 1.5705963, 10.007763, 0.89064306
1515496534911, 0.6512229, 10.25676, 0.93852705
1515496534931, 0.36391866, 10.726024, 1.0055647
1515496534951, 0.7374141, 12.08593, 1.2449849
1515496534971, 1.2354081, 13.666103, 0.90979666
1515496534991, 1.5993267, 17.017986, -2.4420857
1515496535010, 1.8579005, 13.67568, -1.5131354
1515496535031, 1.1204864, 14.173674, -2.9496565
1515496535051, -0.25857377, 14.882358, -2.030283
1515496535071, -1.0247183, 12.976573, -2.5570073
1515496535091, -1.7621324, 12.191275, -2.8634653
1515496535111, -2.336741, 11.568783, -2.4899697
1515496535131, -2.5091233, 11.990162, -2.135628
1515496535151, -2.96881, 12.392388, -2.9783869
1515496535171, -2.135628, 13.9438305, -0.62249243
1515496535191, -1.0821792, 11.903971, 1.6376339
1515496535211, -1.5514427, 10.477027, -0.2873042
1515496535231, -0.06703765, 7.345411, 2.1547816
1515496535250, 0.5267244, 7.393295, 1.292869
1515496535271, 0.9672575, 6.9527617, 2.0111294
1515496535291, 0.8810662, 4.807557, 1.1109096
1515496535311, 0.61291564, 3.7924154, 1.0726024
1515496535330, 0.61291564, 3.3135753, 0.93852705
1515496535351, 0.842759, 2.6910827, 1.1779473
1515496535371, 1.2162545, 3.3518825, 2.4229321
1515496535391, 1.7142484, 3.667917, 3.1986535
1515496535411, 1.484405, 5.45878, 4.4244847
1515496535431, 1.4269443, 7.680599, 4.807557
1515496535451, 1.7142484, 10.180145, 4.1371803
1515496535470, 1.5610195, 11.779472, 4.0414124
1515496535491, 0.6799533, 12.612655, 4.9224787
1515496535511, -1.2162545, 13.053187, 6.7229185
1515496535531, -1.5801731, 15.98369, 7.1155677
1515496535551, -0.10534488, 20.465635, 8.015787
1515496535571, -0.5554548, 14.738706, 7.603985
1515496535591, -2.135628, 0.047884032, -2.5187001
1515496535611, -0.5363012, 9.002198, -0.29688102
1515496535631, 1.1779473, 8.226477, -0.20111294
1515496535651, 1.9919758, 9.892841, -2.7006595
1515496535671, -0.02873042, 11.63582, -0.1340753
1515496535691, 0.095768064, 9.816227, 1.8195933
1515496535711, 0.39264908, 9.356541, 1.388637
1515496535730, 0.545878, 8.944737, 1.8770541
1515496535751, 0.79487497, 7.8625584, 1.6472107
1515496535771, 0.9672575, 7.8050976, 0.25857377
1515496535791, 0.8331822, 7.517793, -0.6895301
1515496535811, 0.58418524, 7.192182, -0.7278373
1515496535831, -0.21068975, 7.1059904, -0.37349546
1515496535851, -0.46926352, 7.1251445, -0.2681506
1515496535871, -1.3790601, 7.2113357, 0.62249243
1515496535891, -1.1875241, 7.1730285, 1.4269443
1515496535911, -0.7469909, 7.651869, 0.80445176
1515496535931, -0.1340753, 7.881712, 0.5363012
1515496535951, 0.5363012, 8.312668, 0.7757214
1515496535971, 1.2737153, 9.452309, -1.4652514
1515496535991, 1.6950948, 10.793061, -1.3694834
1515496536011, 1.6950948, 10.668563, 0.21068975
1515496536031, 2.1068976, 11.980585, -0.4309563
1515496536051, 2.0685902, 13.120225, 0.02873042
1515496536071, 1.388637, 13.110648, -1.0342951
1515496536090, 0.05746084, 14.901511, -0.78529817
1515496536111, 0.7086837, 12.430696, -2.27928
1515496536130, 0.7757214, 11.281479, -4.414908
1515496536151, -1.8387469, 10.5440645, -3.41892
1515496536171, -3.9552212, 10.25676, -2.2888567
1515496536191, -4.9895163, 13.206416, -1.1109096
1515496536211, -5.5737014, 16.730682, 1.5227122
1515496536231, -4.8841715, 16.673222, 3.5817258
1515496536251, -3.169923, 14.614207, 2.3942018
1515496536271, -2.030283, 10.582372, 1.3120226
1515496536290, -0.63206923, 8.7532015, 1.1683705
1515496536311, 0.21068975, 9.107543, 0.81402856
1515496536331, 0.7182605, 8.073248, 0.41180268
1515496536351, 0.8714894, 6.1770406, -0.29688102
1515496536371, 1.6759412, 2.0590134, 0.91937345
1515496536391, 1.1683705, 1.6472107, 0.10534488
1515496536411, 0.7469909, 2.5953147, 1.0534488
1515496536431, 0.15322891, 3.4093432, 2.5474305
1515496536451, 0.33518824, 4.3382936, 3.064578
1515496536471, 0.7661445, 5.3821654, 3.1794999
1515496536491, 1.7046716, 5.813122, 2.3942018
1515496536511, 2.27928, 9.77792, 3.074155
1515496536531, 1.1971009, 15.227123, 4.367024
1515496536551, -0.6512229, 15.9262295, 5.66947
1515496536571, -1.436521, 11.980585, 8.2169
1515496536591, -0.45010993, 9.241618, 7.0006456
1515496536611, -0.2777274, 17.33402, 4.3382936
1515496536631, -0.19153613, 21.41374, 3.5051112
1515496536651, -5.7365074, 15.016433, 1.8962077
1515496536671, -2.719813, 6.090849, 4.817134
1515496536692, -2.8060043, 5.3725886, -0.7469909
1515496536711, -0.1340753, 9.528923, -2.7964275
1515496536731, 2.0494366, 9.921572, -0.7374141
1515496536751, 1.8100165, 11.856087, -0.94810385
1515496536771, 0.7661445, 12.124237, 1.2354081
1515496536791, -0.047884032, 10.869676, 0.59376204
1515496536811, 0.047884032, 9.490616, 0.6991069
1515496536831, -0.36391866, 8.197746, 0.51714754
1515496536851, -0.51714754, 7.2687964, 1.4748282
1515496536871, -0.6512229, 6.847417, 0.5554548
1515496536891, -0.79487497, 5.755661, 0.11492168
1515496536911, -0.46926352, 5.755661, -0.9576807
1515496536931, 0.31603462, 7.1155677, -1.8483237
1515496536951, 1.7717092, 7.7667904, -1.541866
1515496536971, 1.5705963, 8.149862, -0.22026655
1515496536991, 0.11492168, 7.575254, 1.484405
1515496537011, -0.29688102, 8.7053175, 0.49799395
1515496537030, 0.60333884, 11.080365, -1.2354081
1515496537051, 1.8866309, 12.4785795, 0.0
1515496537070, 2.2697031, 10.860099, 0.21068975
1515496537091, 3.0933087, 12.315774, 0.2873042
1515496537110, 3.4284968, 14.633361, 0.7469909
1515496537131, 2.1643584, 14.81532, -0.40222588
1515496537151, -0.48841715, 17.640478, -0.90979666
1515496537171, -0.1340753, 14.671668, -2.9592333
1515496537191, -0.37349546, 14.269443, -5.2768207
1515496537211, -0.9864111, 11.099519, -3.5051112
1515496537231, -2.2601264, 10.726024, -2.7964275
1515496537251, -5.1810527, 13.263878, -1.6184803
1515496537271, -4.606444, 14.422671, -0.8523358
1515496537291, -2.4516625, 13.838486, 3.2465374
1515496537311, -0.7757214, 13.934254, 2.2026656
1515496537331, -0.30645782, 11.674128, 0.12449849
1515496537351, 0.076614454, 8.90643, -1.8387469
1515496537371, 0.45010993, 6.981492, -0.7757214
1515496537391, 1.1013328, 2.9975405, 0.8331822
1515496537411, 0.6799533, 3.3039982, -0.35434186
1515496537431, 0.30645782, 3.4093432, 0.50757074
1515496537451, 0.20111294, 3.1316159, 1.0342951
1515496537471, 0.019153614, 3.0358477, 1.5514427
1515496537491, -0.08619126, 3.3997664, 2.3750482
1515496537511, 0.1340753, 4.271256, 2.7389667
1515496537531, 0.15322891, 6.1100025, 3.5625722
1515496537551, 0.59376204, 7.603985, 4.050989
1515496537571, 0.94810385, 10.170568, 3.4380736
1515496537591, 1.3215994, 13.417107, 3.7349546
1515496537611, 1.1492168, 14.939818, 4.6830587
1515496537631, 1.1204864, 14.595054, 8.6095495
1515496537651, 1.9057846, 9.911995, 7.7189064
1515496537671, 3.715801, 7.565677, 6.090849
1515496537691, 0.641646, 11.980585, 2.3750482
1515496537711, -0.41180268, 18.607735, 0.48841715
1515496537731, -1.4173675, 15.045163, 0.8619126
1515496537751, -6.14831, 12.220005, 0.89064306
1515496537771, -2.815581, 5.209783, 3.217807
1515496537791, -1.283292, 6.6367273, -1.0342951
1515496537811, 1.3215994, 4.367024, -2.9496565
1515496537831, 2.1739352, 4.951209, -1.2354081
1515496537851, 0.48841715, 10.955867, 2.96881
1515496537871, -0.5267244, 15.275007, 1.5227122
1515496537891, 1.0534488, 12.076353, 0.51714754
1515496537911, 1.3024458, 9.500193, -0.02873042
1515496537931, -0.60333884, 7.536947, 0.58418524
1515496537951, -1.0151415, 5.7365074, 1.9536686
1515496537971, -1.0055647, 4.596867, 1.1300632
1515496537991, -1.4460979, 5.4779334, -0.4213795
1515496538011, -0.59376204, 7.699753, -0.60333884
1515496538031, 1.5514427, 9.14585, -0.4213795
1515496538051, 2.2218192, 8.485051, -1.3311762
1515496538071, 1.6567876, 6.9719152, -1.340753
1515496538091, -0.36391866, 8.801085, 0.34476504
1515496538111, 0.05746084, 11.865664, 0.25857377
1515496538131, 1.4939818, 13.139379, 0.7565677
1515496538151, 2.4612393, 13.148955, 0.82360536
1515496538171, 3.064578, 13.062764, -0.16280572
1515496538191, 2.7389667, 15.131354, -2.882619
1515496538211, 0.038307227, 17.717093, -1.7142484
1515496538231, -1.1013328, 14.537593, -2.7964275
1515496538251, -1.5131354, 13.637373, -3.1794999
1515496538270, -1.6759412, 11.760319, -2.9975405
1515496538291, -3.2944214, 10.850522, -2.0685902
1515496538310, -4.1946416, 11.444284, -3.083732
1515496538331, -4.1276035, 12.832921, -2.4420857
1515496538351, -3.1603463, 14.240712, 0.08619126
1515496538371, -1.9632454, 14.681245, 3.3901896
1515496538391, -1.5993267, 12.545617, 1.1109096
1515496538411, -1.4460979, 9.184157, -0.79487497
1515496538431, -0.29688102, 7.0006456, 1.0534488
1515496538451, 0.89064306, 4.654328, 0.94810385
1515496538471, 1.1683705, 3.9360676, 0.16280572
1515496538491, 0.8714894, 3.265691, 0.545878
1515496538511, 0.8523358, 2.0207062, 1.13964
1515496538531, 0.7757214, 2.1452048, 1.9153614
1515496538551, 0.93852705, 3.3614593, 2.6048915
1515496538571, 1.2258313, 6.090849, 3.4093432
1515496538591, 1.532289, 7.680599, 4.5394063
1515496538611, 1.3790601, 9.337387, 5.401319
1515496538631, 1.7046716, 11.750742, 4.711789
1515496538651, 0.58418524, 13.752295, 6.7133417
1515496538671, -0.11492168, 13.761871, 6.540959
1515496538691, -0.22026655, 10.869676, 8.0924015
1515496538711, 0.08619126, 11.511322, 6.1387334
1515496538731, 0.39264908, 15.753847, 6.5218053
1515496538751, -2.135628, 14.642938, 2.719813
1515496538771, -4.4436383, 9.404425, 2.5091233
1515496538791, -3.715801, 7.872135, 1.5993267
1515496538811, -2.4037786, 10.5440645, 0.37349546
1515496538831, 0.7757214, 7.5465236, -2.6048915
1515496538851, 0.63206923, 10.055647, -2.2409728
1515496538871, 1.5035586, 9.825804, -1.9440918
1515496538891, 1.6472107, 9.011775, 0.39264908
1515496538911, 1.484405, 8.628703, 1.5897499
1515496538931, 0.51714754, 8.264784, 0.38307226
1515496538951, -0.30645782, 7.9391727, 1.043872
1515496538971, -1.0630256, 7.240066, 1.7429788
1515496538991, -1.1779473, 6.6271505, 1.340753
1515496539011, -0.2873042, 7.0006456, 0.59376204
1515496539031, 0.0, 7.843405, 0.009576807
1515496539051, 0.49799395, 7.651869, 0.30645782
1515496539071, 0.50757074, 6.751649, 0.40222588
1515496539091, 0.5363012, 6.2728086, -0.23942018
1515496539111, 0.6991069, 6.885724, -0.82360536
1515496539131, 0.6703765, 8.437167, 0.5746084
1515496539151, -0.095768064, 10.275913, 0.79487497
1515496539171, -0.63206923, 10.97502, -2.078167
1515496539191, 0.8331822, 11.683704, 0.12449849
1515496539210, 1.1300632, 12.0093155, 0.6991069
1515496539231, 1.436521, 13.560759, 0.5267244
1515496539250, 1.2258313, 13.493721, -0.5267244
1515496539271, 1.1300632, 16.136919, -3.7349546
1515496539290, 0.78529817, 16.309301, 1.1492168
1515496539311, 0.7469909, 13.330915, -3.4763808
1515496539331, -0.6799533, 12.919112, -4.912902
1515496539351, -1.7717092, 9.758766, -2.834735
1515496539371, -3.1507695, 10.400413, -2.5953147
1515496539391, -4.0222588, 12.105083, -2.0973208
1515496539411, -3.9264908, 13.484144, -1.2641385
1515496539431, -2.9017725, 14.144943, 1.9440918
1515496539451, -1.9153614, 13.062764, 1.7621324
1515496539471, -1.3790601, 10.764331, -0.47884035
1515496539491, -0.51714754, 9.3661175, -1.5801731
1515496539511, -0.047884032, 8.494628, 1.1109096
1515496539531, 1.4269443, 5.2480903, 3.86903
1515496539551, 0.8523358, 5.391742, 0.80445176
1515496539571, 0.80445176, 4.280833, 0.7086837
1515496539591, 0.48841715, 3.6870706, 1.1204864
1515496539611, 0.6703765, 2.4229321, 1.1683705
1515496539631, 0.39264908, 2.7006595, 2.1643584
1515496539651, 0.5746084, 3.8594532, 2.4037786
1515496539671, 0.5267244, 5.48751, 2.777274
1515496539691, 0.6703765, 7.345411, 3.715801
1515496539711, 1.340753, 9.605537, 3.9839516
1515496539731, 1.7717092, 11.712435, 3.6008794
1515496539751, 1.1971009, 13.01488, 4.3957543
1515496539770, -0.25857377, 11.894394, 8.025364
1515496539791, -0.41180268, 11.597513, 10.314221
1515496539811, -0.92895025, 15.897499, 4.644751
1515496539831, 0.20111294, 18.780119, 6.1100025
1515496539851, -4.960786, 13.656527, 0.6799533
1515496539871, -3.916914, 8.858546, 2.7581203
1515496539891, -2.7868507, 6.0525417, 1.4652514
1515496539911, -0.90021986, 9.088389, -0.095768064
1515496539931, 2.1260512, 8.264784, -2.4899697
1515496539951, 2.27928, 9.509769, -2.3558946
1515496539971, 1.3120226, 10.352529, 0.45968673
1515496539991, 0.641646, 9.643845, 1.0534488
1515496540011, 0.47884035, 9.739613, 0.38307226
1515496540031, 0.21068975, 9.615114, 0.50757074
1515496540051, -0.21068975, 8.734048, 0.50757074
1515496540071, -0.4309563, 7.632715, 0.7565677
1515496540091, -0.7182605, 6.5505357, 0.40222588
1515496540111, -0.51714754, 6.129156, -0.11492168
1515496540131, -0.009576807, 6.6079965, -0.23942018
1515496540151, 0.2681506, 8.130709, -0.7469909
1515496540171, 0.4309563, 8.283937, 0.05746084
1515496540191, 0.641646, 7.422025, -0.20111294
1515496540211, 0.93852705, 8.312668, 0.019153614
1515496540231, 0.7086837, 9.088389, 0.90021986
1515496540251, 0.78529817, 9.605537, 0.2777274
1515496540271, 1.1492168, 11.271901, -1.1300632
1515496540291, 2.3942018, 12.0571995, -0.38307226
1515496540311, 2.6240451, 12.105083, 0.0
1515496540331, 2.0590134, 12.0571995, -0.24899697
1515496540351, 1.4173675, 12.641385, -0.7757214
1515496540371, 0.38307226, 15.935806, -1.5131354
1515496540391, -0.4405331, 14.164097, -0.17238252
1515496540411, 0.16280572, 13.809755, -3.083732
1515496540431, -0.4309563, 12.287044, -3.8977604
1515496540451, -1.1492168, 10.228029, -2.8634653
1515496540471, -2.3175871, 10.266336, -2.96881
1515496540491, -3.9743748, 12.105083, -2.6144683
1515496540511, -3.9743748, 13.685257, -1.7046716
1515496540531, -3.4380736, 14.987702, 1.3503298
1515496540551, -2.030283, 14.901511, 5.0757074
1515496540571, -1.541866, 11.204864, 0.94810385
1515496540591, -0.5650316, 8.992621, -0.9672575
1515496540611, 1.532289, 4.9320555, 5.449203
1515496540630, 1.5705963, 4.271256, 0.31603462
1515496540650, 1.2449849, 5.2480903, 0.8523358
1515496540671, 1.0821792, 4.367024, 1.292869
1515496540691, 0.5554548, 4.1946416, 1.4748282
1515496540715, 0.4405331, 3.9935284, 1.8483237
1515496540731, 0.49799395, 3.7253778, 2.1452048
1515496540751, 0.63206923, 4.9224787, 2.9592333
1515496540771, 0.94810385, 5.765238, 2.920926
1515496540791, 1.2066777, 6.6750345, 3.3423057
1515496540811, 1.091756, 8.954314, 3.1794999
1515496540831, 0.90021986, 11.702858, 3.9456444
1515496540851, 0.6991069, 15.102624, 5.1810527
1515496540871, 0.50757074, 14.020445, 6.6846113
1515496540891, 1.0342951, 10.524911, 8.858546
1515496540911, 1.2545617, 10.237606, 6.1387334
1515496540931, 1.6472107, 15.916653, 3.4476504
1515496540951, -1.2162545, 14.537593, 2.2409728
1515496540971, -4.903325, 14.250289, -0.41180268
1515496540991, -3.1124623, 10.563218, 4.0892963
1515496541011, -2.3558946, 6.540959, 1.0534488
1515496541031, 0.46926352, 7.575254, -0.7278373
1515496541051, 1.283292, 9.097966, 1.436521
1515496541071, 1.5131354, 10.007763, -0.7374141
1515496541091, -0.06703765, 11.348516, -0.45968673
1515496541111, -0.05746084, 10.0748005, 1.340753
1515496541131, 0.39264908, 9.289502, 1.7142484
1515496541151, -0.20111294, 8.561666, 0.6991069
1515496541171, -0.48841715, 7.7572136, 0.89064306
1515496541190, -0.38307226, 7.029376, 0.6991069
1515496541211, -0.4213795, 6.2823853, 0.22026655
1515496541230, -0.2873042, 6.588843, -0.038307227
1515496541251, 0.30645782, 7.3071036, 0.22026655
1515496541271, 1.0534488, 7.632715, 0.22026655
1515496541291, 1.2641385, 7.690176, 0.46926352
1515496541311, 1.340753, 7.843405, -0.019153614
1515496541331, 0.7374141, 7.9583263, -0.25857377
1515496541351, 0.47884035, 9.270349, -0.8619126
1515496541371, 1.0247183, 10.745177, -0.7374141
1515496541391, 2.0398598, 10.783484, -0.16280572
1515496541411, 2.1068976, 10.457873, -1.0055647
1515496541431, 2.27928, 12.411542, 0.18195933
1515496541451, 1.0726024, 13.292608, 0.6991069
1515496541471, 0.5746084, 13.589489, 0.1340753
1515496541491, -0.5554548, 15.8783455, -0.35434186
1515496541511, 0.20111294, 13.43626, -2.1260512
1515496541531, 0.5267244, 12.583924, -4.7884035
1515496541551, -0.47884035, 10.620679, -4.1946416
1515496541571, -1.5801731, 10.46745, -3.2082303
1515496541591, -3.9456444, 12.018892, -2.327164
1515496541611, -5.133168, 14.116213, -0.545878
1515496541631, -4.6160207, 14.81532, 0.51714754
1515496541651, -2.8921957, 14.432248, 4.6255975
1515496541671, -1.5610195, 12.660539, 1.3982137
1515496541691, -0.5554548, 10.28549, 0.019153614
1515496541711, 0.36391866, 9.107543, -0.11492168
1515496541731, 1.7046716, 5.947197, 3.7828386
1515496541751, 1.7812861, 3.3997664, 0.81402856
1515496541771, 1.2449849, 4.060566, 0.6512229
1515496541791, 0.89064306, 3.3039982, 0.5363012
1515496541811, 0.5650316, 2.8060043, 0.80445176
1515496541831, 0.5650316, 3.5625722, 1.6759412
1515496541851, 0.31603462, 4.4915223, 3.1411927
1515496541871, 0.5554548, 5.9663506, 3.6008794
1515496541891, 1.0821792, 6.9719152, 4.185065
1515496541911, 1.3503298, 9.308656, 3.9360676
1515496541931, 1.2449849, 12.133814, 4.060566
1515496541951, 0.9768343, 15.150508, 4.8937483
1515496541971, 0.46926352, 13.876793, 6.895301
1515496541991, 0.49799395, 10.726024, 9.251195
1515496542011, 0.91937345, 14.470555, 5.4204726
1515496542031, 2.4133554, 16.452953, 6.7708025
1515496542051, -3.2848446, 12.028469, 0.5554548
1515496542071, -3.7062242, 10.036493, 2.5378537
1515496542091, -3.6774938, 9.308656, 1.9057846
1515496542111, -1.6950948, 9.528923, 1.3694834
1515496542131, 0.60333884, 8.580819, -0.4309563
1515496542151, 1.1683705, 9.356541, -1.436521
1515496542171, 1.6184803, 9.768343, -1.6663644
1515496542191, 1.484405, 8.925584, 0.6895301
1515496542211, 0.4213795, 9.126697, 0.6607997
1515496542231, 0.10534488, 9.461885, 0.32561144
1515496542251, -0.60333884, 9.720459, 0.51714754
1515496542271, -0.90979666, 7.9966335, 1.4460979
1515496542291, -0.62249243, 6.847417, 0.78529817
1515496542311, -0.61291564, 6.694188, 0.22984336
1515496542331, -0.1436521, 7.019799, -0.11492168
1515496542351, 0.5267244, 7.393295, -0.37349546
1515496542371, 0.79487497, 7.7189064, 0.16280572
1515496542391, 0.92895025, 7.5944076, 0.11492168
1515496542411, 0.90021986, 7.7572136, -0.10534488
1515496542431, 0.59376204, 7.8529816, 0.08619126
1515496542451, 0.40222588, 8.628703, -0.2681506
1515496542471, 0.39264908, 10.170568, -0.9672575
1515496542491, 2.0398598, 10.888829, -0.545878
1515496542511, 3.169923, 10.572795, -0.36391866
1515496542531, 2.7102363, 11.549629, -0.41180268
1515496542551, 2.135628, 12.440272, -0.08619126
1515496542571, 0.90979666, 13.953407, -1.685518
1515496542591, -1.0630256, 16.347609, 1.043872
1515496542611, 0.40222588, 13.417107, -0.9768343
1515496542631, 0.4213795, 13.9917145, -3.074155
1515496542651, -0.5650316, 11.319786, -3.9743748
1515496542671, -1.7046716, 10.113108, -2.5761611
1515496542691, -3.5529952, 11.856087, -2.8921957
1515496542711, -4.2425256, 13.541605, -1.0630256
1515496542731, -3.7445314, 14.480132, 0.29688102
1515496542751, -2.9113493, 15.121778, 4.175488
1515496542771, -1.4077905, 13.024457, 2.4037786
1515496542791, -1.1013328, 9.730036, -0.93852705
1515496542811, 0.51714754, 8.293514, 0.6799533
1515496542831, 0.8714894, 6.981492, 0.4405331
1515496542851, 1.436521, 3.6583402, 0.9672575
1515496542871, 1.1875241, 3.7828386, 0.61291564
1515496542891, 0.6512229, 4.0797195, 1.532289
1515496542911, 0.6991069, 3.3039982, 1.3024458
1515496542931, 0.641646, 3.667917, 1.6472107
1515496542951, 0.6991069, 4.0318356, 1.9153614
1515496542971, 0.9959879, 5.171476, 2.9783869
1515496542991, 1.484405, 6.6079965, 3.9073372
1515496543011, 1.3503298, 8.025364, 4.2999864
1515496543031, 0.7469909, 11.013328, 4.548983
1515496543051, 0.10534488, 13.512875, 4.9703627
1515496543071, 0.11492168, 15.47612, 5.765238
1515496543091, -0.15322891, 11.070788, 7.872135
1515496543111, -0.7182605, 14.537593, 4.3287168
1515496543131, 1.1683705, 16.989256, 5.7843914
1515496543151, -4.6926355, 14.422671, 0.90021986
1515496543171, -3.1603463, 9.002198, 3.2848446
1515496543191, -2.815581, 7.3645644, 0.25857377
1515496543211, -0.50757074, 9.682152, -1.3982137
1515496543231, 1.3120226, 9.356541, -0.17238252
1515496543251, 1.6376339, 9.959879, 0.46926352
1515496543271, 1.3790601, 9.174581, -0.22984336
1515496543290, 0.641646, 8.925584, 0.45968673
1515496543311, 0.5267244, 9.682152, 0.48841715
1515496543331, 0.5746084, 10.611102, 0.36391866
1515496543351, 0.4405331, 9.576807, 0.40222588
1515496543371, 0.34476504, 8.054094, 0.63206923
1515496543391, -0.45968673, 6.1770406, -0.18195933
1515496543411, -1.1492168, 4.673482, -0.9672575
1515496543431, -1.1204864, 5.535394, -0.7182605
1515496543451, -0.22026655, 7.8529816, 0.08619126
1515496543471, 0.8523358, 9.222465, 0.9576807
1515496543491, 0.8714894, 8.992621, 0.7757214
1515496543511, 0.18195933, 7.345411, 0.23942018
1515496543531, 0.31603462, 8.178593, -1.4269443
1515496543551, 0.9768343, 10.97502, -1.2449849
1515496543571, 2.1068976, 11.587936, -0.4405331
1515496543591, 2.0398598, 11.070788, -0.63206923
1515496543611, 2.078167, 12.842498, -0.047884032
1515496543631, 2.2026656, 13.359646, 0.29688102
1515496543651, 1.541866, 13.713987, -1.3790601
1515496543671, 0.08619126, 15.1696615, 0.18195933
1515496543691, 0.47884035, 13.369223, -2.1930888
1515496543711, 0.1436521, 12.861651, -3.2848446
1515496543731, -0.29688102, 10.91756, -3.323152
1515496543751, -1.9632454, 10.01734, -3.064578
1515496543771, -3.6104562, 11.300632, -2.5761611
1515496543791, -5.5258174, 13.2351465, 0.12449849
1515496543811, -4.644751, 13.876793, 0.31603462
1515496543831, -3.5529952, 14.068329, 1.9153614
1515496543851, -1.5514427, 13.445837, 2.5091233
1515496543871, -0.62249243, 10.821792, 0.38307226
1515496543891, 0.19153613, 8.485051, 0.2681506
1515496543911, 0.92895025, 7.029376, 0.7086837
1515496543931, 1.2449849, 5.046977, 1.388637
1515496543951, 0.9864111, 3.7541082, 0.29688102
1515496543971, 0.4405331, 4.271256, 1.3120226
1515496543991, 0.12449849, 4.3861775, 1.7717092
1515496544011, 0.10534488, 3.9743748, 2.0207062
1515496544031, 0.38307226, 3.8307228, 2.2984335
1515496544051, 0.7374141, 5.2002063, 2.825158
1515496544071, 1.283292, 6.5122285, 3.3039982
1515496544091, 1.8004397, 8.236053, 3.8977604
1515496544111, 1.6663644, 10.94629, 3.7828386
1515496544131, 0.009576807, 14.652514, 4.1659107
1515496544151, -0.7182605, 14.700398, 5.449203
1515496544171, -0.78529817, 10.955867, 8.149862
1515496544191, -0.16280572, 9.691729, 6.742072
1515496544211, 0.9768343, 14.930242, 4.357447
1515496544231, -0.7661445, 15.140931, 1.982399
1515496544250, -3.7924154, 13.618219, 1.4652514
1515496544271, -2.4899697, 9.634268, 3.3518825
1515496544291, -2.8060043, 7.9391727, -1.2449849
1515496544311, -1.0055647, 9.184157, -0.06703765
1515496544331, 1.1013328, 8.063671, -0.35434186
1515496544351, 1.7142484, 9.433155, 0.22984336
1515496544371, 0.93852705, 9.586384, 0.08619126
1515496544391, 0.94810385, 9.758766, 1.1300632
1515496544411, 0.8523358, 10.611102, 0.80445176
1515496544431, 0.35434186, 10.266336, 0.23942018
1515496544451, 0.16280572, 8.686164, 0.6799533
1515496544471, -0.4405331, 7.2209125, 0.8523358
1515496544491, -0.45968673, 6.090849, -0.16280572
1515496544511, -0.5650316, 6.1100025, -0.63206923
1515496544531, -0.38307226, 7.029376, -0.90021986
1515496544551, 0.16280572, 7.6614456, -0.4213795
1515496544571, 0.7278373, 7.5944076, 0.15322891
1515496544591, 0.22984336, 7.680599, 0.18195933
1515496544611, -0.29688102, 7.345411, 0.842759
1515496544631, 0.33518824, 7.785944, 0.8523358
1515496544651, 1.5705963, 9.739613, -1.3599066
1515496544671, 2.9017725, 11.118672, -1.3599066
1515496544691, 3.1028855, 10.879252, -0.08619126
1515496544711, 2.6719291, 12.066776, -0.019153614
1515496544731, 2.5187001, 12.354081, 0.60333884
1515496544751, 1.6759412, 12.066776, 0.6895301
1515496544771, -0.2681506, 14.882358, -2.1260512
1515496544791, -0.06703765, 13.024457, -3.514688
1515496544811, 0.019153614, 12.26789, -5.0661306
1515496544831, -1.9536686, 11.300632, -3.016694
1515496544851, -3.9456444, 12.497733, -3.6008794
1515496544871, -5.707777, 14.930242, -1.2449849
1515496544891, -5.4683566, 16.309301, 0.6895301
1515496544911, -3.371036, 15.887922, 4.0222588
1515496544931, -1.436521, 14.250289, 2.2505496
1515496544951, -1.4077905, 11.099519, 0.45010993
1515496544971, -0.35434186, 9.030929, -0.22026655
1515496544991, 0.5746084, 7.7572136, 0.51714754
1515496545011, 0.38307226, 5.851429, 0.06703765
1515496545031, 1.0055647, 2.4612393, 0.4213795
1515496545051, 0.5746084, 2.7485435, 0.15322891
1515496545071, 0.81402856, 2.5187001, 0.82360536
1515496545091, 0.6895301, 2.920926, 1.3599066
1515496545111, 0.59376204, 3.083732, 1.6950948
1515496545131, 0.24899697, 4.4340615, 2.8921957
1515496545151, 0.047884032, 6.033388, 3.0454245
1515496545171, 0.37349546, 8.101978, 3.7924154
1515496545191, 1.0726024, 9.509769, 3.1986535
1515496545211, 0.5650316, 15.859192, 4.510676
1515496545231, -0.93852705, 13.9151, 7.1059904
1515496545251, -0.7182605, 9.490616, 8.734048
1515496545271, 0.6512229, 7.192182, 7.680599
1515496545290, -0.8619126, 11.779472, 3.572149
1515496545311, -0.50757074, 18.47366, 2.27928
1515496545331, -4.012682, 16.366762, 2.0685902
1515496545351, -4.9224787, 10.668563, 2.6431987
1515496545370, -2.72939, 7.5082164, 1.1875241
1515496545391, -1.8195933, 9.892841, -1.6472107
1515496545411, 1.0342951, 9.77792, -0.7086837
1515496545431, 2.873042, 9.126697, -0.91937345
1515496545451, 2.480393, 9.423578, 0.009576807
1515496545471, 1.5035586, 10.486604, 1.8004397
1515496545491, 0.91937345, 11.693281, 1.1587936
1515496545511, 0.16280572, 11.492168, 0.51714754
1515496545531, 0.0, 9.375694, 1.292869
1515496545551, -0.047884032, 8.1402855, 0.6799533
1515496545571, -0.4405331, 6.588843, 0.24899697
1515496545591, -1.0151415, 4.9320555, -0.1436521
1515496545611, -1.1587936, 4.8267107, -0.6703765
1515496545631, -0.5746084, 7.9104424, -0.2873042
1515496545651, 0.6512229, 8.532935, 0.32561144
1515496545671, 0.89064306, 7.9391727, 0.2873042
1515496545691, 0.5363012, 7.4124484, 0.21068975
1515496545711, 0.4405331, 7.479486, 0.37349546
1515496545731, 1.1300632, 9.126697, -0.90021986
1515496545751, 2.2409728, 11.061212, -1.436521
1515496545771, 3.6870706, 10.984597, -0.40222588
1515496545791, 3.2273839, 10.295067, -0.9959879
1515496545811, 2.633622, 12.74673, 0.5746084
1515496545831, 2.2026656, 13.666103, 1.1587936
1515496545851, 0.51714754, 14.231135, -1.5227122
1515496545871, -0.7757214, 15.571888, 0.9672575
1515496545891, 0.20111294, 13.493721, -2.815581
1515496545911, 0.019153614, 12.306197, -4.3478703
1515496545931, -1.5801731, 10.113108, -3.8786068
1515496545951, -2.920926, 10.141838, -3.122039
1515496545971, -4.6926355, 11.932701, -2.4995465
1515496545991, -4.4723687, 14.796166, -0.89064306
1515496546011, -3.217807, 17.429789, 3.6774938
1515496546030, -0.31603462, 15.974113, 4.951209
1515496546051, -0.7278373, 10.390836, -0.5746084
1515496546071, 0.18195933, 7.3645644, 0.82360536
1515496546091, 0.62249243, 6.4260373, 0.10534488
1515496546111, 2.0590134, 2.6623523, 3.6487634
1515496546131, 0.81402856, 2.4899697, -0.22984336
1515496546151, 0.38307226, 2.7389667, 0.076614454
1515496546171, 0.18195933, 3.016694, 0.82360536
1515496546191, -0.11492168, 3.5338416, 2.0973208
1515496546211, 0.08619126, 3.7349546, 3.0262709
1515496546231, 0.29688102, 4.6926355, 2.834735
1515496546251, 0.51714754, 6.751649, 3.2082303
1515496546271, 0.47884035, 8.264784, 2.1643584
1515496546291, 0.7757214, 12.430696, 4.0318356
1515496546311, -0.02873042, 17.60217, 4.8841715
1515496546331, -0.22984336, 13.579912, 8.42759
1515496546351, -0.6607997, 10.084377, 7.52737
1515496546371, 0.7757214, 16.203957, 4.7979803
1515496546391, 1.3024458, 18.50239, 3.1794999
1515496546411, -4.817134, 15.629349, 0.9864111
1515496546431, -4.8841715, 9.739613, 1.4939818
1515496546451, -1.982399, 6.435614, 2.4899697
1515496546471, 1.043872, 7.086837, -2.8538885
1515496546491, 2.0398598, 7.5465236, -2.087744
1515496546511, 1.5705963, 9.56723, 0.5746084
1515496546531, 0.9768343, 10.97502, -0.93852705
1515496546551, 0.91937345, 11.501745, -0.91937345
1515496546571, 0.6895301, 10.46745, 1.3790601
1515496546591, -0.1436521, 9.394848, 1.1587936
1515496546611, -0.6512229, 7.575254, 0.5267244
1515496546631, -1.3790601, 5.401319, 0.06703765
1515496546651, -1.6280571, 4.280833, -0.842759
1515496546671, -0.62249243, 6.1387334, -0.21068975
1515496546691, 0.8331822, 8.561666, 0.5267244
1515496546711, 2.0973208, 8.66701, 0.22984336
1515496546731, 2.030283, 8.312668, -0.1436521
1515496546751, 0.31603462, 7.6135616, 0.63206923
1515496546771, -0.06703765, 8.485051, 1.0726024
1515496546791, 0.6991069, 10.764331, -0.095768064
1515496546811, 2.0973208, 12.334928, 0.1436521
1515496546831, 2.815581, 12.095507, 0.25857377
1515496546851, 2.4037786, 12.248735, 0.076614454
1515496546871, 1.5801731, 12.832921, 0.23942018
1515496546891, -1.5801731, 16.567875, -0.90021986
1515496546911, -0.30645782, 13.359646, -2.6240451
1515496546931, -0.23942018, 12.26789, -4.7979803
1515496546951, -2.5570073, 10.342952, -3.2082303
1515496546971, -4.0222588, 10.783484, -2.2601264
1515496546991, -5.363012, 12.785037, -1.7908629
1515496547011, -4.2521024, 14.891934, -0.79487497
1515496547031, -2.6527755, 16.587029, 2.767697
1515496547051, -0.7661445, 14.259866, 3.5913026
1515496547071, -0.91937345, 11.310209, 0.8331822
1515496547091, 0.1436521, 8.312668, 1.1971009
1515496547111, 1.0151415, 8.159439, 1.2354081
1515496547131, 0.8523358, 7.4507556, 0.45968673
1515496547151, 1.4748282, 3.6583402, 1.3120226
1515496547171, 0.6607997, 2.4899697, 0.37349546
1515496547191, 0.59376204, 2.777274, 0.7182605
1515496547211, 0.2777274, 3.6104562, 1.3120226
1515496547231, 0.24899697, 4.0222588, 2.2984335
1515496547251, 0.009576807, 5.0661306, 2.8538885
1515496547271, -0.18195933, 6.694188, 3.4955344
1515496547291, -0.05746084, 8.523358, 3.715801
1515496547311, 0.4405331, 11.291056, 3.6774938
1515496547331, 1.0342951, 13.857639, 4.6160207
1515496547351, 1.2641385, 12.890382, 5.3821654
1515496547371, 1.7812861, 10.103531, 6.081272
1515496547391, 1.436521, 10.199299, 3.8115692
1515496547411, 1.1875241, 16.414646, 4.501099
1515496547431, -0.22984336, 16.922218, 4.5777135
1515496547451, -2.4995465, 14.077906, 4.1371803
1515496547471, -2.3654714, 7.824251, 4.903325
1515496547491, -2.7485435, 5.2768207, -0.89064306
1515496547511, -1.2162545, 8.169016, -0.11492168
1515496547531, -0.06703765, 7.7572136, -0.7661445
1515496547551, 1.0534488, 10.237606, -0.9768343
1515496547571, 0.10534488, 11.463438, 0.5746084
1515496547591, 0.5363012, 9.519346, 1.3599066
1515496547611, 0.61291564, 9.203311, 1.5705963
1515496547631, 0.32561144, 9.576807, 1.2258313
1515496547651, -0.4405331, 9.165004, 0.45010993
1515496547671, -0.78529817, 8.236053, 1.0247183
1515496547691, -0.61291564, 7.240066, 0.5554548
1515496547711, 0.2681506, 7.240066, -0.6607997
1515496547731, 1.3982137, 7.7189064, -0.18195933
1515496547751, 1.6663644, 8.169016, 0.23942018
1515496547771, 1.5131354, 8.101978, 1.2449849
1515496547791, 1.1587936, 8.082825, 1.0534488
1515496547811, 1.13964, 7.7572136, -0.038307227
1515496547831, 1.3790601, 7.642292, -0.58418524
1515496547851, 0.6895301, 8.341399, -1.3024458
1515496547871, 0.7182605, 10.888829, -1.6567876
1515496547891, 0.92895025, 11.654974, 0.36391866
1515496547911, 0.36391866, 11.492168, 0.21068975
1515496547931, 0.62249243, 12.631808, 0.41180268
1515496547951, 1.0342951, 13.445837, 0.21068975
1515496547971, 1.0342951, 15.543158, -2.9592333
1515496547991, -0.45010993, 16.069881, -0.10534488
1515496548011, -0.2681506, 14.144943, -3.0550013
1515496548031, -0.6607997, 12.277467, -3.3518825
1515496548050, -1.1779473, 9.548077, -2.767697
1515496548071, -1.6089035, 8.178593, -1.3024458
1515496548091, -2.2984335, 9.136273, -2.5570073
1515496548111, -3.0454245, 11.013328, -1.3503298
1515496548131, -1.0821792, 13.522451, 3.5529952
1515496548151, 0.48841715, 16.25184, 3.964798
1515496548171, -1.4269443, 13.005303, 0.18195933
1515496548191, -0.6895301, 7.7667904, 0.92895025
1515496548211, 0.59376204, 5.257667, 3.514688
1515496548231, 1.1013328, 5.6407394, 0.24899697
1515496548251, 0.8523358, 5.439626, 0.9768343
1515496548271, 0.7086837, 3.9743748, 1.0247183
1515496548290, 0.41180268, 4.1946416, 1.436521
1515496548311, 0.30645782, 4.673482, 2.4612393
1515496548331, 0.17238252, 5.2959743, 3.6774938
1515496548351, 0.18195933, 5.889736, 3.6774938
1515496548371, 0.38307226, 6.7708025, 3.763685
1515496548390, 0.7469909, 8.054094, 3.572149
1515496548411, 1.0630256, 9.758766, 3.3039982
1515496548431, 1.6089035, 11.942278, 3.3518825
1515496548451, 1.7142484, 13.378799, 3.7924154
1515496548471, 1.388637, 13.522451, 6.3206925
1515496548491, 0.842759, 11.769896, 5.5258174
1515496548511, 1.1013328, 14.987702, 5.3821654
1515496548530, -0.93852705, 15.035586, 3.4476504
1515496548551, -2.0494366, 10.409989, 4.8745947
1515496548571, -1.9919758, 5.2385135, 1.3982137
1515496548591, -1.3599066, 7.881712, 0.36391866
1515496548611, 0.25857377, 7.4124484, -1.7621324
1515496548630, 0.6799533, 8.829816, -0.9672575
1515496548651, 1.1013328, 10.821792, -0.49799395
1515496548671, 0.78529817, 10.055647, 0.7757214
1515496548691, 1.0630256, 9.222465, 2.5761611
1515496548711, 0.8619126, 9.394848, 2.4516625
1515496548730, 0.22984336, 8.686164, 1.3311762
1515496548751, -0.095768064, 7.6231384, 1.2354081
1515496548770, -0.08619126, 6.8282633, 0.92895025
1515496548791, 0.05746084, 6.751649, -0.10534488
1515496548811, 0.12449849, 7.642292, -0.40222588
1515496548831, -0.11492168, 8.485051, 0.37349546
1515496548851, 0.545878, 8.015787, 1.1683705
1515496548871, 0.019153614, 7.4124484, 1.0534488
1515496548891, -0.11492168, 6.9048777, 0.29688102
1515496548911, 0.06703765, 7.029376, -0.5746084
1515496548931, 0.6607997, 8.312668, -1.7046716
1515496548951, 0.6512229, 9.854534, -0.22984336
1515496548971, -0.047884032, 10.352529, -0.48841715
1515496548991, 1.8100165, 11.21444, -0.47884035
1515496549011, 3.2369606, 12.0571995, -0.641646
1515496549031, 2.681506, 14.33648, -2.1930888
1515496549051, 0.6991069, 16.606182, -2.1930888
1515496549071, 0.2873042, 15.112201, -2.5761611
1515496549091, 0.33518824, 15.68681, -2.183512
1515496549111, -0.6703765, 14.173674, -2.3942018
1515496549131, -2.4708161, 12.181698, -4.0797195
1515496549151, -3.9839516, 11.894394, -3.0262709
1515496549171, -5.209783, 11.329363, -2.72939
1515496549191, -4.8745947, 11.654974, -2.078167
1515496549211, -4.5872903, 13.685257, 0.2873042
1515496549231, -2.96881, 14.623784, 2.3750482
1515496549251, -1.5035586, 11.789049, 0.80445176
1515496549271, -0.5554548, 9.165004, -1.8866309
1515496549291, 0.93852705, 4.9320555, 4.232949
1515496549311, 0.92895025, 3.9743748, 0.35434186
1515496549331, 1.1875241, 3.9073372, 0.2873042
1515496549351, 1.0342951, 3.2369606, 1.1875241
1515496549371, 0.9959879, 2.566584, 1.5705963
1515496549391, 1.0247183, 3.3039982, 2.0494366
1515496549411, 1.1109096, 5.401319, 3.8402996
1515496549431, 1.5897499, 7.374141, 4.8841715
1515496549451, 1.532289, 8.121132, 5.9663506
1515496549471, 1.4748282, 9.969456, 5.2959743
1515496549491, 0.4309563, 11.798626, 5.0374002
1515496549514, -0.047884032, 15.725117, 9.32781
1515496549531, -1.3024458, 12.785037, 8.619126
1515496549551, -0.095768064, 8.111555, 9.232041
1515496549571, -0.9959879, 9.768343, 4.7309427
1515496549591, -1.6759412, 13.541605, 1.5610195
1515496549611, -3.122039, 12.813767, 1.5705963
1515496549631, -2.4037786, 11.798626, 3.5051112
1515496549651, -1.7429788, 8.714894, 0.81402856
1515496549671, 0.33518824, 6.885724, -4.0892963
1515496549691, -0.7374141, 9.662998, 0.6512229
1515496549711, 1.5897499, 9.77792, -0.5746084
1515496549731, 1.8004397, 10.649409, 1.7812861
1515496549751, 1.6089035, 9.9790325, 0.30645782
1515496549771, 1.3503298, 9.471462, -0.2777274
1515496549791, 0.9672575, 9.672575, -0.11492168
1515496549811, -0.05746084, 8.954314, 0.10534488
1515496549831, -0.45968673, 7.297527, 0.45968673
1515496549851, -1.4748282, 5.554548, 0.36391866
1515496549871, -2.078167, 4.644751, -0.19153613
1515496549891, -1.9249382, 6.2632318, -1.0534488
1515496549911, -0.24899697, 8.39886, -0.095768064
1515496549931, 0.90021986, 9.030929, 0.38307226
1515496549951, 1.0151415, 8.178593, -0.06703765
1515496549971, 0.20111294, 7.393295, -0.45010993
1515496549991, 0.6991069, 8.983045, -1.1109096
1515496550011, 1.3024458, 11.865664, -0.24899697
1515496550031, 2.0398598, 12.77546, 0.6607997
1515496550051, 1.7621324, 12.641385, -0.38307226
1515496550071, 2.1643584, 13.072341, -0.08619126
1515496550091, 2.2984335, 12.583924, 0.78529817
1515496550111, 1.1587936, 14.097059, -1.8579005
1515496550131, -0.842759, 14.106636, 0.15322891
1515496550151, 0.02873042, 12.363658, -3.4476504
1515496550171, -0.641646, 11.415554, -4.663905
1515496550191, -1.9728222, 10.907983, -3.3806129
1515496550211, -3.41892, 10.936713, -2.7868507
1515496550231, -4.414908, 13.637373, -0.63206923
1515496550251, -3.3518825, 14.911088, 0.6991069
1515496550271, -1.7238252, 13.656527, 4.999093
1515496550291, -0.1340753, 13.359646, 1.3790601
1515496550311, -0.1436521, 11.061212, -0.45010993
1515496550331, 0.5650316, 9.557653, 0.6799533
1515496550351, 0.33518824, 7.9870567, 0.7278373
1515496550371, 0.6607997, 5.4779334, 1.2641385
1515496550391, 0.7661445, 2.384625, 0.7278373
1515496550411, 0.22026655, 3.514688, 0.41180268
1515496550431, 0.24899697, 3.4380736, 1.0055647
1515496550451, -0.10534488, 3.8402996, 1.5705963
1515496550471, -0.31603462, 4.2999864, 2.1643584
1515496550491, -0.12449849, 4.759673, 2.5091233
1515496550511, 0.11492168, 6.244078, 3.2465374
1515496550531, 0.4309563, 8.255207, 3.9743748
1515496550551, 0.38307226, 10.773908, 4.6351743
1515496550571, 0.81402856, 13.129802, 5.506664
1515496550591, 1.8866309, 14.240712, 5.1810527
1515496550611, 1.532289, 12.871228, 7.297527
1515496550631, 1.6759412, 8.944737, 7.489063
1515496550651, 1.2641385, 14.796166, 4.0701427
1515496550671, 0.009576807, 15.801731, 2.9592333
1515496550691, -3.86903, 15.696386, 1.5514427
1515496550711, -3.1507695, 9.624691, 2.834735
1515496550731, -3.323152, 4.999093, -0.5746084
1515496550751, -0.94810385, 7.422025, -0.6991069
1515496550771, 0.63206923, 8.082825, 0.009576807
1515496550791, 1.4460979, 10.1226845, 1.685518
1515496550811, 1.0726024, 12.133814, 0.05746084
1515496550831, 0.6799533, 10.534488, 0.641646
1515496550851, 0.60333884, 9.021352, 0.49799395
1515496550871, 0.6607997, 8.24563, 0.25857377
1515496550890, 0.19153613, 7.326257, 0.6703765
1515496550910, -0.30645782, 6.6846113, 1.4077905
1515496550931, -0.8619126, 6.3111157, 0.7182605
1515496550951, -0.33518824, 7.067683, 0.11492168
1515496550971, -0.33518824, 8.054094, -0.22984336
1515496550991, 1.4077905, 8.408437, 0.29688102
1515496551011, 1.1492168, 8.446744, 0.47884035
1515496551031, 0.7469909, 7.565677, 0.49799395
1515496551051, 0.45010993, 7.345411, 0.1436521
1515496551071, 0.62249243, 8.734048, -0.46926352
1515496551091, 0.31603462, 10.007763, -1.283292
1515496551111, 1.1204864, 10.534488, -0.9768343
1515496551131, 2.0015526, 11.118672, -0.58418524
1515496551151, 2.1452048, 12.832921, 0.23942018
1515496551171, 1.7525556, 12.804191, -0.19153613
1515496551191, 1.043872, 14.12579, -2.4133554
1515496551211, -0.15322891, 15.887922, -0.02873042
1515496551231, 0.019153614, 13.685257, -2.2026656
1515496551251, -0.51714754, 13.01488, -3.821146
1515496551271, -0.8714894, 10.850522, -3.4093432
1515496551291, -1.340753, 10.170568, -1.9440918
1515496551311, -2.7868507, 10.342952, -2.528277
1515496551331, -4.510676, 12.670115, -1.7812861
1515496551351, -3.5529952, 14.757859, -0.34476504
1515496551371, -2.3942018, 15.533581, 3.9552212
1515496551391, -1.3503298, 14.911088, 1.1013328
1515496551411, -1.7238252, 10.505757, 0.8619126
1515496551431, -0.5363012, 8.322245, 0.2873042
1515496551451, 0.8523358, 5.765238, 3.5051112
1515496551471, 1.340753, 4.4819455, 0.6895301
1515496551491, 1.2641385, 3.0454245, 0.641646
1515496551511, 0.9959879, 2.7868507, 1.2545617
1515496551531, 0.90979666, 2.5474305, 1.484405
1515496551551, 0.5363012, 3.5434184, 2.135628
1515496551571, 0.48841715, 5.1523223, 3.5913026
1515496551591, 0.60333884, 6.1770406, 3.916914
1515496551611, 0.6991069, 7.3645644, 4.2425256
1515496551631, 0.7661445, 9.097966, 4.1371803
1515496551651, 0.7182605, 11.530476, 4.271256
1515496551671, 0.8331822, 14.911088, 5.5162406
1515496551691, 0.90021986, 14.872781, 7.1826053
1515496551711, 1.1013328, 9.481039, 8.379706
1515496551731, 1.8579005, 7.4028716, 7.2304893
1515496551751, 0.06703765, 14.968549, 3.2944214
1515496551771, -0.8331822, 16.203957, 2.9400797
1515496551791, -4.5777135, 13.67568, 1.3024458
1515496551811, -3.1028855, 9.193734, 3.0262709
1515496551831, -2.9113493, 5.7843914, 1.043872
1515496551851, -1.8962077, 8.829816, -0.90979666
1515496551871, 0.7182605, 8.283937, -0.20111294
1515496551891, 1.9728222, 9.557653, -0.6799533
1515496551911, 0.842759, 11.530476, 2.0494366
1515496551931, 0.9672575, 9.662998, 0.94810385
1515496551951, 0.8810662, 8.992621, 0.1340753
1515496551972, 0.50757074, 8.944737, 0.047884032
1515496551991, 0.047884032, 8.561666, -0.22984336
1515496552011, 0.17238252, 7.9966335, 0.58418524
1515496552031, -0.58418524, 6.7803793, 0.33518824
1515496552051, -1.1587936, 5.650316, -0.32561144
1515496552071, -1.1204864, 5.6886234, -0.8523358
1515496552091, -0.05746084, 7.2209125, -0.20111294
1515496552111, 0.5554548, 8.580819, 0.076614454
1515496552131, 0.8331822, 8.580819, 0.6895301
1515496552151, 0.7086837, 7.9104424, 0.05746084
1515496552171, 0.1436521, 7.9391727, 0.009576807
1515496552191, 0.36391866, 9.3661175, -1.0534488
1515496552211, 1.0534488, 10.907983, -1.5801731
1515496552231, 2.2601264, 11.300632, -0.22984336
1515496552251, 2.1643584, 12.392388, -0.047884032
1515496552271, 2.27928, 12.612655, -0.5363012
1515496552291, 2.135628, 12.583924, 0.0
1515496552311, 1.0630256, 14.709975, -0.842759
1515496552331, -0.009576807, 13.551182, -1.4748282
1515496552351, 0.48841715, 12.909535, -4.2042184
1515496552371, -0.20111294, 11.233594, -4.2425256
1515496552391, -1.8291701, 10.5919485, -3.2561142
1515496552410, -3.265691, 11.425131, -2.6431987
1515496552431, -5.0278234, 13.685257, -0.35434186
1515496552451, -3.9552212, 15.2367, 0.45010993
1515496552471, -2.8538885, 14.116213, 4.5298295
1515496552491, -1.5610195, 13.101071, 1.2066777
1515496552511, -0.9576807, 9.461885, 0.8331822
1515496552531, -0.19153613, 8.628703, 0.21068975
1515496552551, 0.29688102, 7.699753, 0.19153613
1515496552570, 0.9959879, 4.3957543, 1.9057846
1515496552591, 0.89064306, 4.146757, 0.59376204
1515496552611, 0.7182605, 3.821146, 1.0821792
1515496552631, 0.7374141, 3.466804, 1.3120226
1515496552651, 0.545878, 3.7253778, 1.6376339
1515496552671, 0.36391866, 4.0414124, 2.183512
1515496552691, 0.46926352, 4.55856, 2.9400797
1515496552711, 0.81402856, 6.0621185, 3.1411927
1515496552731, 1.1204864, 7.843405, 4.146757
1515496552752, 1.3120226, 10.965444, 4.462792
1515496552771, 1.292869, 14.642938, 4.654328
1515496552791, 0.7278373, 13.733141, 5.717354
1515496552811, 0.7278373, 10.486604, 8.149862
1515496552831, 0.2873042, 10.91756, 6.196194
1515496552851, 0.80445176, 16.893488, 3.6296098
1515496552871, -1.1971009, 16.816874, 3.3806129
1515496552891, -3.1603463, 13.22557, 1.8674773
1515496552911, -2.4708161, 6.7803793, 2.5187001
1515496552931, -2.2218192, 6.8186865, -0.1340753
1515496552951, 0.23942018, 8.379706, -1.5993267
1515496552971, 1.6663644, 8.791509, -0.47884035
1515496552991, 1.6567876, 10.007763, -0.58418524
1515496553011, 0.79487497, 10.898406, 1.4460979
1515496553031, 0.08619126, 10.390836, 0.6895301
1515496553051, 0.20111294, 9.825804, 1.043872
1515496553071, 0.10534488, 8.992621, 0.47884035
1515496553091, -0.10534488, 8.1402855, 0.22026655
1515496553111, -0.20111294, 7.3645644, 0.8810662
1515496553131, -0.7278373, 6.493075, -0.1340753
1515496553151, -0.8523358, 6.157887, -0.9576807
1515496553170, 0.22026655, 7.2783732, -0.7565677
1515496553191, 0.5746084, 7.9008656, -0.41180268
1515496553211, 0.58418524, 7.2304893, 0.009576807
1515496553232, 0.35434186, 6.751649, -0.9576807
1515496553250, -0.21068975, 7.824251, -0.62249243
1515496553271, -0.25857377, 10.266336, 0.076614454
1515496553291, 0.4309563, 11.434708, -0.78529817
1515496553311, 2.0015526, 10.984597, -0.4213795
1515496553331, 2.882619, 10.91756, 0.39264908
1515496553351, 3.1890767, 12.363658, -0.36391866
1515496553371, 3.217807, 12.957419, -0.25857377
1515496553391, 2.0015526, 13.081918, 0.48841715
1515496553411, -0.009576807, 15.907076, -1.8004397
1515496553431, -0.48841715, 13.781025, -0.6703765
1515496553451, 0.5650316, 12.689269, -4.8267107
1515496553471, -0.29688102, 11.166556, -4.2521024
1515496553491, -2.030283, 10.601525, -3.86903
1515496553511, -4.414908, 12.354081, -3.323152
1515496553531, -5.7843914, 14.987702, -0.6799533
1515496553551, -4.7022123, 16.606182, 1.043872
1515496553571, -1.3503298, 13.67568, 2.7964275
1515496553591, -0.80445176, 10.898406, 0.31603462
1515496553611, -0.08619126, 8.973468, 0.15322891
1515496553631, 0.6799533, 7.5848308, -0.36391866
1515496553651, 1.6089035, 4.1659107, 3.0550013
1515496553671, 0.90021986, 3.0262709, 0.10534488
1515496553691, 0.63206923, 3.5913026, 0.41180268
1515496553711, 0.5554548, 3.1603463, 0.8714894
1515496553731, 0.4309563, 3.2752678, 1.5705963
1515496553751, 0.24899697, 3.5625722, 2.2218192
1515496553771, 0.20111294, 4.8745947, 2.9783869
1515496553791, 0.4213795, 6.493075, 3.1028855
1515496553811, 0.7469909, 8.437167, 3.8594532
1515496553831, 0.7374141, 10.821792, 4.1659107
1515496553851, 0.6799533, 13.972561, 4.4340615
1515496553871, 0.6607997, 15.437813, 5.506664
1515496553891, 0.02873042, 12.26789, 7.374141
1515496553911, 1.3024458, 8.379706, 8.676587
1515496553931, 1.9536686, 7.872135, 5.267244
1515496553951, 1.6089035, 15.217546, 3.0358477
1515496553972, 0.2873042, 15.571888, 3.1124623
1515496553992, -4.7979803, 13.244724, 1.2737153
1515496554011, -3.3806129, 6.742072, 1.5514427
1515496554031, -1.8100165, 8.465898, -0.7757214
1515496554051, 0.6895301, 7.07726, -1.13964
1515496554071, 2.1164744, 7.4986396, 0.63206923
1515496554091, 2.183512, 9.662998, -0.8714894
1515496554111, 0.545878, 11.262324, 0.019153614
1515496554131, 0.9672575, 10.5919485, 0.5650316
1515496554151, 0.2873042, 10.084377, 1.1492168
1515496554171, -0.08619126, 8.7053175, 0.5650316
1515496554191, -0.45968673, 7.747637, 0.82360536
1515496554211, -0.58418524, 6.397307, 0.545878
1515496554231, -1.1587936, 5.650316, -0.18195933
1515496554251, -1.1779473, 6.1770406, -0.2873042
1515496554271, 0.2681506, 6.991069, -0.12449849
1515496554291, 0.8810662, 8.111555, -0.009576807
1515496554311, 0.80445176, 8.293514, 0.0
1515496554331, 0.22026655, 7.728483, 0.047884032
1515496554351, 0.019153614, 8.331821, 0.50757074
1515496554371, 0.59376204, 9.969456, -0.90021986
1515496554391, 1.7812861, 11.281479, -0.82360536
1515496554411, 3.169923, 11.444284, -0.41180268
1515496554431, 3.2561142, 12.77546, -0.60333884
1515496554451, 2.4420857, 13.005303, -0.22026655
1515496554471, 0.9768343, 13.283031, -0.4405331
1515496554491, -1.0342951, 16.788143, -0.31603462
1515496554511, -0.7565677, 13.88637, -1.733402
1515496554531, -0.30645782, 11.81778, -3.9456444
1515496554550, -0.6895301, 10.70687, -3.5051112
1515496554571, -1.5801731, 10.275913, -3.169923
1515496554591, -4.146757, 11.492168, -2.2601264
1515496554611, -5.161899, 14.135366, -1.2545617
1515496554631, -3.41892, 16.117765, 0.6991069
1515496554651, -1.7621324, 14.681245, 3.8498764
1515496554671, -1.283292, 12.277467, 0.5650316
1515496554691, -0.94810385, 9.040505, 0.22984336
1515496554711, -0.22026655, 7.7093296, 0.31603462
1515496554731, 0.6991069, 4.8362875, 4.098873
1515496554751, 0.8523358, 4.3382936, 0.7374141
1515496554771, 0.8714894, 4.2521024, 1.1875241
1515496554791, 0.8619126, 3.4093432, 1.388637
1515496554811, 1.1204864, 3.0550013, 1.3790601
1515496554831, 0.6895301, 3.86903, 2.4229321
1515496554851, 0.6512229, 5.2002063, 2.96881
1515496554871, 0.5650316, 6.7803793, 3.4476504
1515496554891, 0.46926352, 9.011775, 4.2425256
1515496554911, 0.7565677, 10.91756, 4.2999864
1515496554931, 0.6703765, 14.480132, 4.7309427
1515496554951, 0.40222588, 14.978126, 8.178593
1515496554971, -0.35434186, 10.1226845, 8.628703
1515496554991, 0.15322891, 9.203311, 5.401319
1515496555011, 1.091756, 16.232687, 4.012682
1515496555031, -1.7812861, 17.78413, 2.0973208
1515496555051, -4.501099, 12.287044, 1.6567876
1515496555071, -3.667917, 5.717354, 3.572149
1515496555091, -2.1068976, 7.785944, 0.6512229
1515496555111, -0.16280572, 9.682152, -0.5363012
1515496555131, 2.3175871, 8.159439, -2.9400797
1515496555151, 2.2697031, 9.911995, -2.0973208
1515496555171, 2.0494366, 9.998186, 1.1875241
1515496555191, 1.3503298, 9.56723, 0.46926352
1515496555211, 0.58418524, 9.653421, 0.49799395
1515496555231, -0.06703765, 9.308656, 0.89064306
1515496555251, -0.24899697, 7.785944, 1.3215994
1515496555271, -0.7086837, 7.0006456, 0.8331822
1515496555291, -1.3120226, 6.445191, 0.0
1515496555311, -0.51714754, 6.1100025, -0.6991069
1515496555331, -0.2873042, 7.1826053, -0.8331822
1515496555351, -0.076614454, 7.824251, -0.41180268
1515496555371, 0.22026655, 7.383718, 0.34476504
1515496555391, 0.25857377, 7.153875, 0.095768064
1515496555411, 0.05746084, 7.9008656, 0.038307227
1515496555431, -0.02873042, 9.615114, -0.51714754
1515496555451, 0.8810662, 11.827356, -1.340753
1515496555471, 2.1547816, 11.530476, -0.15322891
1515496555491, 2.4229321, 10.984597, -0.34476504
1515496555511, 2.6527755, 12.698846, 0.59376204
1515496555531, 2.3175871, 13.110648, -0.047884032
1515496555551, 1.4556746, 13.924677, -1.3024458
1515496555571, 0.35434186, 16.76899, 0.16280572
1515496555591, 0.5267244, 13.168109, -1.9153614
1515496555611, 0.6703765, 12.229582, -4.55856
1515496555631, -0.7086837, 10.247183, -3.821146
1515496555651, -2.0015526, 10.0269165, -2.9879637
1515496555671, -4.3382936, 13.464991, -1.5131354
1515496555691, -4.232949, 15.935806, 0.59376204
1515496555711, -2.930503, 16.203957, 5.6982
1515496555731, -1.283292, 13.618219, 2.087744
1515496555751, -1.292869, 9.557653, -1.4748282
1515496555771, 0.19153613, 7.824251, 0.5650316
1515496555791, 0.34476504, 6.655881, -0.17238252
1515496555811, 1.9153614, 2.6240451, 2.3558946
1515496555831, 0.842759, 2.0973208, -0.39264908
1515496555851, 0.35434186, 2.9496565, 0.16280572
1515496555871, -0.019153614, 3.1028855, 1.1779473
1515496555891, -0.39264908, 3.7349546, 2.231396
1515496555911, -0.4309563, 4.960786, 3.4955344
1515496555931, 0.21068975, 6.3589997, 3.6774938
1515496555951, 1.0821792, 7.680599, 3.41892
1515496555971, 1.7812861, 9.519346, 3.1794999
1515496555990, 1.5801731, 11.741165, 3.371036
1515496556011, 1.4748282, 15.514427, 4.280833
1515496556031, 0.91937345, 14.058752, 6.4739213
1515496556051, 1.0630256, 12.229582, 9.902418
1515496556071, 0.7661445, 9.643845, 4.960786
1515496556091, 1.3503298, 16.40507, 4.711789
1515496556111, -3.4763808, 13.88637, 1.6567876
1515496556131, -3.3997664, 10.457873, 2.7006595
1515496556151, -2.9592333, 7.1730285, 1.1109096
1515496556171, -1.6663644, 9.356541, -0.5267244
1515496556191, 0.12449849, 8.695741, -0.40222588
1515496556211, 1.340753, 10.04607, 0.019153614
1515496556231, 1.6950948, 10.333375, -1.3982137
1515496556251, 0.7374141, 9.356541, -1.0534488
1515496556271, 0.047884032, 8.580819, 0.22026655
1515496556291, -0.2777274, 8.446744, 1.13964
1515496556311, -1.1683705, 8.39886, 0.82360536
1515496556331, -1.0055647, 8.101978, 1.6376339
1515496556351, -0.7565677, 7.920019, 0.842759
1515496556371, -0.1436521, 7.7189064, 0.23942018
1515496556391, -0.24899697, 7.28795, -0.35434186
1515496556411, 0.23942018, 6.483498, -0.46926352
1515496556431, 1.7429788, 6.895301, 0.29688102
1515496556451, 1.6280571, 7.8146744, 0.1340753
1515496556471, 1.5705963, 8.379706, 0.20111294
1515496556491, 1.1300632, 8.63828, 0.33518824
1515496556511, -0.019153614, 9.356541, -1.685518
1515496556531, 0.59376204, 10.955867, -0.6895301
1515496556551, 1.8387469, 11.3964, 0.23942018
1515496556571, 2.0494366, 12.449849, 0.38307226
1515496556591, 1.733402, 12.98615, -0.19153613
1515496556611, 0.7757214, 13.713987, -1.3120226
1515496556631, -0.11492168, 17.142485, 0.08619126
1515496556651, 0.50757074, 14.049175, -1.0534488
1515496556671, 0.4213795, 13.40753, -4.596867
1515496556691, -0.5746084, 10.94629, -4.185065
1515496556711, -1.5610195, 10.0269165, -2.2984335
1515496556731, -3.1316159, 10.247183, -2.882619
1515496556751, -4.2999864, 12.459426, -1.7238252
1515496556771, -3.9456444, 14.585477, -0.30645782
1515496556791, -2.7102363, 15.342045, 4.912902
1515496556810, -1.2354081, 14.33648, 1.8770541
1515496556831, -1.2737153, 9.959879, -0.9576807
1515496556851, -0.7374141, 6.9048777, -0.58418524
1515496556871, 0.33518824, 5.7269306, 2.0207062
1515496556891, 1.0821792, 3.9743748, 0.7278373
1515496556911, 1.2162545, 3.5913026, 0.41180268
1515496556931, 0.90021986, 3.4859576, 0.8523358
1515496556951, 0.7661445, 3.1986535, 1.3311762
1515496556971, 0.2873042, 3.86903, 2.681506
1515496556991, 0.1340753, 5.142745, 3.620033
1515496557011, -0.047884032, 6.6750345, 3.6296098
1515496557031, 0.35434186, 8.341399, 4.175488
1515496557051, 1.0055647, 9.787497, 4.0318356
1515496557071, 1.2641385, 12.421119, 3.5529952
1515496557091, 1.436521, 15.246277, 4.0222588
1515496557111, 0.7278373, 14.240712, 7.632715
1515496557131, 1.7142484, 9.3661175, 8.561666
1515496557151, 1.3120226, 9.80665, 4.4436383
1515496557170, 0.9576807, 15.820885, 2.815581
1515496557191, -2.719813, 15.418659, 1.6950948
1515496557211, -4.76925, 12.5743475, 0.7086837
1515496557231, -3.6104562, 8.66701, 3.4093432
1515496557251, -2.566584, 7.929596, 0.25857377
1515496557271, 0.11492168, 7.8050976, -1.1779473
1515496557291, 1.4173675, 7.843405, -1.3503298
1515496557312, 2.0494366, 8.935161, 0.038307227
1515496557331, 1.3694834, 10.199299, -0.31603462
1515496557351, 0.80445176, 9.739613, 0.63206923
1515496557371, 0.2873042, 9.672575, 0.90979666
1515496557391, -0.5650316, 9.040505, 0.62249243
1515496557411, -0.90021986, 8.283937, 1.4077905
1515496557431, -0.8523358, 7.153875, 0.48841715
1515496557451, -1.1109096, 5.9567738, -0.047884032
1515496557471, -1.3790601, 5.746084, -0.5554548
1515496557491, 0.47884035, 7.0102224, -1.0630256
1515496557511, 0.92895025, 8.274361, -0.80445176
1515496557531, 1.1492168, 8.24563, -0.5554548
1515496557551, 0.36391866, 7.642292, -0.08619126
1515496557571, -0.2873042, 8.734048, 0.15322891
1515496557591, 0.11492168, 10.802638, -1.1779473
1515496557611, 1.2545617, 11.520899, -0.32561144
1515496557631, 2.2505496, 11.530476, 0.4213795
1515496557651, 2.6048915, 11.702858, -0.7086837
1515496557671, 2.834735, 12.765883, -0.79487497
1515496557691, 1.8291701, 14.259866, -2.4037786
1515496557711, -1.0821792, 16.184803, 0.29688102
1515496557731, 0.019153614, 14.030022, -3.3518825
1515496557751, -0.38307226, 12.488156, -3.916914
1515496557771, -1.292869, 10.630256, -3.6104562
1515496557791, -3.5529952, 11.15698, -3.1507695
1515496557811, -4.9224787, 12.449849, -1.1109096
1515496557831, -4.146757, 13.215993, -0.38307226
1515496557851, -2.6240451, 14.221559, 1.9057846
1515496557876, -1.0247183, 13.8480625, 2.4899697
1515496557891, -1.1587936, 10.151415, -0.5650316
1515496557910, -0.61291564, 8.456321, 0.095768064
1515496557931, 0.20111294, 8.1881695, 1.6663644
1515496557955, 1.388637, 5.1235914, 4.2042184
1515496557971, 1.3694834, 4.510676, 0.38307226
1515496557990, 0.60333884, 4.0414124, 0.9672575
1515496558010, 0.61291564, 3.2465374, 1.0726024
1515496558034, 0.17238252, 4.003105, 1.6759412
1515496558050, 0.21068975, 3.9073372, 2.3942018
1515496558070, 0.50757074, 4.548983, 3.1507695
1515496558090, 0.7757214, 6.0525417, 3.4093432
1515496558113, 1.1779473, 7.651869, 3.86903
1515496558131, 1.4173675, 9.854534, 3.7445314
1515496558151, 1.2737153, 12.124237, 3.763685
1515496558171, 0.9959879, 13.8480625, 5.2289367
1515496558191, 0.80445176, 11.18571, 7.843405
1515496558211, 0.40222588, 10.726024, 6.6079965
1515496558230, 0.45010993, 15.792154, 3.620033
1515496558256, -1.7238252, 17.583017, 2.0685902
1515496558270, -4.31914, 12.813767, 1.733402
1515496558290, -2.5570073, 6.703765, 3.1603463
1515496558314, -1.982399, 5.659893, -0.4309563
1515496558330, 0.047884032, 8.39886, -2.0015526
1515496558350, 1.4077905, 9.021352, -0.45968673
1515496558370, 2.0398598, 10.70687, -0.8523358
1515496558391, 1.2449849, 11.549629, 1.1875241
1515496558410, 0.6607997, 10.409989, 1.1109096
1515496558431, 0.2777274, 9.797073, 0.7565677
1515496558450, -0.21068975, 8.90643, 0.61291564
1515496558470, -0.36391866, 8.236053, 0.7278373
1515496558490, -0.24899697, 7.441179, 1.2449849
1515496558510, -0.61291564, 7.192182, 0.63206923
1515496558530, -0.45010993, 7.0964136, -0.076614454
1515496558550, -0.095768064, 7.192182, -0.15322891
1515496558570, 0.17238252, 7.297527, -0.2873042
1515496558590, 1.283292, 7.9583263, 0.6895301
1515496558610, 0.80445176, 8.226477, 0.5746084
1515496558630, 0.6991069, 8.00621, 0.15322891
1515496558651, 0.61291564, 8.025364, -0.16280572
1515496558670, 0.78529817, 9.481039, -1.2258313
1515496558690, 1.7046716, 10.94629, -1.3503298
1515496558710, 2.3750482, 12.334928, -0.5650316
1515496558730, 2.1930888, 12.919112, -0.038307227
1515496558750, 1.1875241, 12.583924, -0.5267244
1515496558770, 0.08619126, 15.7825775, -2.834735
1515496558790, -0.8619126, 15.820885, 0.8714894
1515496558810, 0.62249243, 14.346057, -3.265691
1515496558830, -0.45010993, 12.765883, -4.3766007
1515496558850, -1.5705963, 10.630256, -3.083732
1515496558870, -3.3135753, 10.553641, -3.0550013
1515496558890, -4.4244847, 11.693281, -2.3080103
1515496558910, -4.271256, 12.899959, -0.18195933
1515496558930, -3.2848446, 13.905523, 3.7349546
1515496558950, -1.6089035, 14.298173, 2.4708161
1515496558970, -1.9632454, 10.563218, 0.16280572
1515496558990, -1.2162545, 8.42759, -0.58418524
1515496559010, 0.58418524, 5.133168, 1.9536686
1515496559031, 1.0726024, 5.7748146, 0.63206923
1515496559050, 0.8331822, 5.650316, 1.0342951
1515496559070, 0.6703765, 4.2425256, 1.2545617
1515496559091, 0.36391866, 3.8115692, 1.5705963
1515496559110, 0.1436521, 4.0701427, 2.4133554
1515496559130, 0.58418524, 3.8786068, 2.777274
1515496559151, 0.6895301, 5.48751, 3.4380736
1515496559171, 0.8331822, 6.7803793, 3.763685
1515496559191, 1.2545617, 8.676587, 4.232949
1515496559211, 1.7812861, 11.453861, 4.050989
1515496559231, 1.7142484, 13.9151, 4.31914
1515496559251, 1.5801731, 15.255854, 6.0238113
1515496559271, 1.4939818, 12.038046, 7.632715
1515496559291, 1.7046716, 10.668563, 6.081272
1515496559311, 1.8866309, 15.629349, 3.9360676
1515496559330, -1.9919758, 13.857639, 1.4939818
1515496559351, -3.9073372, 11.118672, 1.3024458
1515496559371, -3.9264908, 7.824251, 2.432509
1515496559391, -2.528277, 8.1881695, 1.0630256
1515496559411, 0.35434186, 7.4124484, -1.6280571
1515496559431, 1.541866, 10.247183, -1.1779473
1515496559451, 1.5610195, 10.668563, 0.7469909
1515496559471, 0.89064306, 9.56723, 0.22026655
1515496559491, 0.22026655, 9.107543, 0.08619126
1515496559511, -0.45010993, 8.801085, 0.5650316
1515496559531, -0.8619126, 8.571242, 0.58418524
1515496559551, -1.0342951, 7.785944, 1.0247183
1515496559571, -0.81402856, 7.240066, 0.46926352
1515496559591, -0.7278373, 7.0485296, -0.038307227
1515496559611, -0.32561144, 7.2113357, -0.16280572
1515496559630, -0.1436521, 7.632715, -0.038307227
1515496559651, 1.1109096, 7.651869, 0.2681506
1515496559671, 1.532289, 8.015787, 0.61291564
1515496559691, 1.2737153, 8.0924015, -0.35434186
1515496559711, 1.0151415, 8.39886, -0.81402856
1515496559731, 0.46926352, 8.781932, -0.2777274
1515496559751, 0.5363012, 10.189722, -0.8523358
1515496559771, 1.388637, 11.980585, -0.24899697
1515496559791, 1.9632454, 12.449849, -0.047884032
1515496559811, 1.3503298, 12.411542, -0.34476504
1515496559830, 1.2545617, 13.215993, 0.009576807
1515496559851, 1.2066777, 13.522451, 0.8810662
1515496559871, -0.45968673, 15.916653, -2.2026656
1515496559891, -0.50757074, 12.995727, -3.169923
1515496559911, 0.40222588, 11.683704, -4.4915223
1515496559931, -0.20111294, 10.582372, -3.964798
1515496559951, -1.9919758, 10.352529, -3.0071173
1515496559971, -4.156334, 11.473015, -1.6759412
1515496559991, -4.5777135, 13.8959465, -1.2354081
1515496560011, -3.0550013, 14.805743, 1.7812861
1515496560031, -1.0726024, 13.378799, 3.6487634
1515496560051, -0.40222588, 10.907983, 0.2681506
1515496560071, -0.7086837, 8.66701, -0.842759
1515496560091, 0.19153613, 8.1402855, -0.1436521
1515496560111, 0.9768343, 5.7843914, 3.3423057
1515496560131, 1.0630256, 4.4723687, 0.63206923
1515496560151, 0.6703765, 4.912902, 0.5267244
1515496560171, 0.45010993, 4.4723687, 1.043872
1515496560191, 0.30645782, 4.0414124, 1.3215994
1515496560211, 0.05746084, 3.7924154, 1.8483237
1515496560231, 0.22026655, 4.462792, 2.135628
1515496560251, 0.5267244, 5.9280434, 2.7581203
1515496560271, 1.091756, 7.4986396, 3.3518825
1515496560291, 1.3694834, 9.653421, 3.3423057
1515496560311, 1.8004397, 12.066776, 3.8786068
1515496560331, 2.1452048, 13.838486, 4.6255975
1515496560351, 1.6280571, 12.29662, 6.7612257
1515496560371, 1.2737153, 11.013328, 7.632715
1515496560391, 0.7661445, 15.160085, 4.9799395
1515496560411, 0.7182605, 16.931795, 5.1906295
1515496560431, -2.9975405, 14.872781, 1.4556746
1515496560451, -3.074155, 9.854534, 2.5953147
1515496560471, -3.217807, 7.393295, 0.25857377
1515496560491, -0.9576807, 8.082825, -0.7182605
1515496560511, 0.06703765, 7.565677, -0.39264908
1515496560531, 1.1492168, 9.165004, -1.340753
1515496560550, 1.2258313, 10.333375, 0.50757074
1515496560571, 1.0821792, 9.921572, 0.10534488
1515496560591, 0.91937345, 9.854534, -0.047884032
1515496560611, 0.5554548, 9.385271, 0.36391866
1515496560631, 0.22984336, 8.130709, 0.25857377
1515496560650, 0.076614454, 6.789956, 0.62249243
1515496560671, -0.17238252, 6.6175733, 0.32561144
1515496560691, -0.59376204, 7.73806, -0.11492168
1515496560711, -0.1340753, 8.169016, -0.12449849
1515496560731, 0.6895301, 8.1402855, 0.095768064
1515496560750, 0.91937345, 7.881712, 0.1436521
1515496560771, 0.9672575, 7.393295, -0.009576807
1515496560791, 0.9672575, 7.8050976, -0.60333884
1515496560811, 0.8714894, 8.839393, -0.23942018
1515496560831, 0.7757214, 9.825804, -0.17238252
1515496560851, 1.5705963, 11.425131, -0.93852705
1515496560872, 2.1643584, 12.095507, -0.076614454
1515496560891, 1.685518, 12.583924, 0.32561144
1515496560911, 1.0630256, 12.727576, -0.4405331
1515496560931, 0.20111294, 15.514427, -2.6623523
1515496560951, -0.41180268, 14.748282, -0.019153614
1515496560971, 0.5363012, 14.355634, -2.7868507
1515496560991, -0.6895301, 13.158532, -3.3039982
1515496561011, -2.2505496, 11.003751, -3.5913026
1515496561030, -2.9113493, 10.716447, -3.3614593
1515496561051, -4.2521024, 11.291056, -2.681506
1515496561071, -5.813122, 12.564771, 0.31603462
1515496561091, -4.865018, 13.790602, 1.283292
1515496561110, -2.231396, 13.292608, 2.4899697
1515496561131, -0.91937345, 11.061212, -0.18195933
1515496561150, 0.009576807, 9.002198, -0.7757214
1515496561170, 1.0151415, 7.699753, -0.35434186
1515496561191, 2.2122424, 3.7062242, 3.9935284
1515496561213, 0.9864111, 4.501099, 0.15322891
1515496561231, 0.31603462, 4.807557, 1.13964
1515496561252, 0.02873042, 4.10845, 1.733402
1515496561273, 0.12449849, 3.9073372, 2.4229321
1515496561291, 0.46926352, 3.9073372, 2.6910827
1515496561311, 0.842759, 4.405331, 2.8921957
1515496561330, 1.13964, 5.9280434, 2.882619
1515496561350, 1.3120226, 7.335834, 3.5338416
1515496561370, 1.2449849, 9.481039, 4.156334
1515496561390, 1.2449849, 12.066776, 4.711789
1515496561410, 0.641646, 15.02601, 6.5984197
1515496561430, -0.1436521, 13.187263, 5.00867
1515496561450, -0.019153614, 9.56723, 6.339846
1515496561470, -0.48841715, 13.388376, 6.5505357
1515496561490, 0.93852705, 16.414646, 5.9663506
1515496561510, -1.7046716, 13.723564, 3.3997664
1515496561530, -3.122039, 6.646304, 2.6527755
1515496561550, -3.122039, 7.9104424, 0.7469909
1515496561570, -1.7429788, 10.007763, 0.78529817
1515496561590, -0.38307226, 9.050082, -0.641646
1515496561610, 0.5267244, 11.061212, -1.3503298
1515496561630, 0.6991069, 10.208876, -0.2681506
1515496561650, 0.9672575, 8.283937, 0.1436521
1515496561670, 0.7278373, 8.283937, 0.21068975
1515496561690, 0.22984336, 8.686164, 0.82360536
1515496561710, -0.10534488, 8.896853, 0.6703765
1515496561730, -0.7278373, 8.848969, 1.5897499
1515496561750, -0.89064306, 8.293514, 1.1587936
1515496561770, -0.37349546, 8.101978, 0.20111294
1515496561790, 0.36391866, 7.632715, -0.21068975
1515496561810, 0.6703765, 7.2209125, -0.22026655
1515496561830, 0.5363012, 7.0485296, 0.009576807
1515496561850, 0.62249243, 7.0485296, 0.5554548
1515496561870, 0.7661445, 7.335834, 0.2681506
1515496561890, 0.93852705, 7.785944, -0.19153613
1515496561910, 1.2354081, 8.829816, -0.08619126
1515496561930, 0.59376204, 9.615114, -0.7278373
1515496561950, 1.0821792, 10.7356, 0.02873042
1515496561970, 1.8195933, 10.457873, -0.076614454
1515496561990, 2.0973208, 11.654974, -0.6895301
1515496562010, 2.1164744, 13.350069, -0.49799395
1515496562030, 1.091756, 15.619772, -4.1946416
1515496562050, -0.5554548, 15.591042, 0.82360536
1515496562070, 0.49799395, 14.33648, -1.043872
1515496562091, -0.46926352, 14.068329, -2.2505496
1515496562112, -0.641646, 11.061212, -3.2273839
1515496562130, -1.3311762, 9.615114, -3.217807
1515496562150, -2.4516625, 10.25676, -1.3503298
1515496562170, -3.1316159, 11.664551, -1.0534488
1515496562190, -2.432509, 12.401965, -1.340753
1515496562210, -1.8387469, 14.18325, 1.4748282
1515496562230, -1.2258313, 14.537593, 3.083732
1515496562250, -1.733402, 11.118672, -0.1340753
1515496562271, -0.39264908, 8.695741, -0.17238252
1515496562291, 0.45968673, 7.1347213, 1.3024458
1515496562311, 1.7621324, 4.951209, 4.175488
1515496562331, 1.5131354, 4.098873, 0.2777274
1515496562351, 0.45968673, 4.060566, 0.93852705
1515496562371, 0.20111294, 3.3806129, 1.2449849
1515496562391, 0.05746084, 3.7062242, 2.030283
1515496562411, 0.39264908, 3.715801, 2.5378537
1515496562431, 0.63206923, 5.267244, 3.4284968
1515496562451, 0.62249243, 7.240066, 3.8786068
1515496562471, 0.8523358, 9.32781, 3.9839516
1515496562491, 1.6280571, 11.511322, 3.9264908
1515496562511, 2.087744, 14.039598, 5.0278234
1515496562531, 1.8195933, 15.05474, 6.7324953
1515496562551, 0.9576807, 10.333375, 7.240066
1515496562571, 0.79487497, 8.542512, 6.0238113
1515496562591, 0.30645782, 17.391481, 3.8881836
1515496562611, 0.1340753, 20.312407, 5.9663506
1515496562631, -4.596867, 12.325351, 1.7525556
1515496562650, -3.763685, 4.098873, 1.541866
1515496562671, -2.5570073, 6.7612257, -0.48841715
1515496562691, -0.16280572, 9.078813, -1.9536686
1515496562711, 0.9576807, 9.078813, -1.8195933
1515496562731, 1.2258313, 11.482592, -1.0726024
1515496562751, 0.7374141, 11.84651, 0.7661445
1515496562771, 1.2066777, 10.01734, 1.091756
1515496562791, 0.6703765, 8.992621, 0.50757074
1515496562811, 0.009576807, 7.843405, 0.02873042
1515496562831, -0.047884032, 6.9623384, 0.94810385
1515496562851, -0.5650316, 6.339846, 0.79487497
1515496562871, -0.63206923, 6.5696893, -0.1340753
1515496562891, -0.32561144, 7.144298, -0.5363012
1515496562911, -0.30645782, 7.374141, -0.2873042
1515496562931, 0.35434186, 7.6710224, -0.17238252
1515496562951, 0.5746084, 7.5561004, -0.5267244
1515496562971, 0.8523358, 8.963891, 1.0247183
1515496562990, 0.93852705, 11.109096, 1.9919758
1515496563010, 0.7278373, 12.315774, -0.79487497
1515496563030, 1.0247183, 12.0093155, 0.2777274
1515496563050, 1.9153614, 12.287044, 2.8060043
1515496563070, 2.030283, 13.455414, 0.8810662
1515496563090, 1.3215994, 16.021997, -3.074155
1515496563111, 0.009576807, 16.558298, -2.528277
1515496563130, 0.12449849, 13.292608, -4.060566
1515496563151, -0.7565677, 12.593501, -3.0071173
1515496563171, -2.7389667, 11.137826, -2.2984335
1515496563191, -3.8786068, 10.6877165, -1.4652514
1515496563211, -4.156334, 10.764331, -1.3024458
1515496563231, -3.4859576, 11.032481, -1.3982137
1515496563250, -2.5378537, 12.449849, -0.6895301
1515496563271, -1.4556746, 13.838486, 1.4556746
1515496563291, -1.2066777, 11.87524, 0.19153613
1515496563310, -1.5993267, 8.810662, -0.60333884
1515496563331, -0.7661445, 8.743625, 0.22984336
1515496563351, -0.2681506, 6.847417, 2.1739352
1515496563371, 0.2873042, 6.0716953, 1.283292
1515496563391, 0.5650316, 5.0757074, 1.7621324
1515496563411, 0.82360536, 3.86903, 1.5514427
1515496563431, 0.9576807, 3.6391866, 1.484405
1515496563451, 1.1300632, 3.4476504, 1.532289
1515496563471, 0.90021986, 4.1276035, 2.1260512
1515496563491, 0.78529817, 4.9895163, 2.6431987
1515496563511, 0.80445176, 6.397307, 3.3327289
1515496563531, 0.5650316, 7.603985, 4.4436383
1515496563551, 0.0, 9.624691, 4.9703627
1515496563571, -0.10534488, 11.654974, 4.8745947
1515496563591, 0.31603462, 12.545617, 5.66947
1515496563611, 0.6895301, 10.534488, 5.315128
1515496563631, 0.8523358, 9.797073, 6.215348
1515496563651, 0.2873042, 14.001291, 5.602432
1515496563671, 1.6567876, 19.393034, 7.2209125
1515496563691, -3.1986535, 13.800179, 2.4133554
1515496563711, -4.4915223, 7.5944076, 1.4460979
1515496563731, -4.2425256, 7.1251445, 1.1971009
1515496563751, -2.1452048, 9.442732, 0.59376204
1515496563771, -0.7182605, 9.059659, -0.38307226
1515496563791, 0.60333884, 10.553641, -1.1492168
1515496563811, 1.0821792, 10.43872, 0.7374141
1515496563831, 1.3599066, 8.935161, 0.62249243
1515496563851, 1.043872, 8.6574335, 0.2681506
1515496563871, 0.8619126, 9.107543, 0.32561144
1515496563891, 0.038307227, 9.356541, 0.545878
1515496563911, -0.6895301, 9.375694, 1.3694834
1515496563931, -0.6607997, 8.532935, 1.0055647
1515496563951, -0.9576807, 7.6231384, 1.13964
1515496563971, -0.15322891, 6.9623384, 0.2873042
1515496563991, 0.10534488, 7.038953, -0.18195933
1515496564011, 0.12449849, 7.0485296, -0.18195933
1515496564031, 0.2681506, 7.431602, 0.25857377
1515496564051, 0.60333884, 7.8625584, 0.19153613
1515496564071, 0.47884035, 8.24563, -0.08619126
1515496564091, 0.32561144, 8.896853, -0.30645782
1515496564111, 0.40222588, 10.180145, -0.6991069
1515496564131, 0.6703765, 11.415554, 0.05746084
1515496564150, 1.4077905, 11.798626, 0.7565677
1515496564170, 1.8195933, 12.411542, 0.1340753
1515496564190, 1.6184803, 12.497733, -0.095768064
1515496564210, 1.3694834, 13.8959465, -2.2122424
1515496564230, 0.076614454, 16.893488, -0.6607997
1515496564250, 0.4213795, 13.139379, -1.6089035
1515496564270, -0.38307226, 12.449849, -3.5242648
1515496564290, -1.1204864, 10.515334, -3.265691
1515496564311, -1.8387469, 9.873688, -2.8443117
1515496564330, -3.0358477, 11.291056, -2.5953147
1515496564350, -3.3518825, 13.2351465, -1.8100165
1515496564373, -2.873042, 14.259866, 0.20111294
1515496564395, -1.7621324, 15.313314, 3.620033
1515496564410, -1.7717092, 12.11466, 0.7565677
1515496564431, -1.7429788, 8.686164, -1.4173675
1515496564450, 0.19153613, 6.3302693, 0.6512229
1515496564476, 0.91937345, 6.291962, 1.9632454
1515496564490, 1.3694834, 4.9703627, 0.9959879
1515496564510, 0.61291564, 4.8362875, 0.9959879
1515496564530, 0.06703765, 4.501099, 1.340753
1515496564551, 0.0, 4.2999864, 1.8100165
1515496564581, 0.1340753, 4.2042184, 2.1260512
1515496564592, 0.4405331, 5.104438, 2.9017725
1515496564610, 0.4309563, 6.1387334, 3.122039
1515496564631, 0.33518824, 7.6614456, 3.2848446
1515496564650, 0.37349546, 9.873688, 3.1411927
1515496564670, 0.6895301, 12.306197, 3.9073372
1515496564690, 1.6280571, 13.378799, 4.31914
1515496564711, 2.4229321, 11.856087, 5.8801594
1515496564732, 3.5051112, 10.457873, 7.335834
1515496564750, 3.9456444, 7.642292, 4.807557
1515496564771, 1.3120226, 15.227123, 2.6719291
1515496564790, 1.043872, 16.960526, 4.414908
1515496564810, -4.6830587, 12.612655, 0.40222588
1515496564832, -4.4436383, 8.628703, 0.93852705
1515496564850, -4.76925, 8.0445175, 0.7565677
1515496564870, -1.484405, 8.1402855, 0.46926352
1515496564890, 0.38307226, 8.178593, -0.81402856
1515496564913, 0.48841715, 10.630256, 1.091756
1515496564932, 0.46926352, 11.674128, 0.5746084
1515496564952, 1.4748282, 10.0748005, 0.60333884
1515496564970, 1.5227122, 9.854534, -0.5267244
1515496564990, 0.45010993, 8.848969, -0.6512229
1515496565010, -0.22026655, 8.00621, 0.7757214
1515496565030, -0.6512229, 6.933608, 1.0247183
1515496565052, -1.2354081, 6.0621185, 0.38307226
1515496565071, -1.5610195, 6.4068837, -0.047884032
1515496565090, -0.12449849, 7.374141, -0.18195933
1515496565111, 1.0247183, 8.504205, -0.49799395
1515496565130, 1.6472107, 8.552089, -0.6512229
1515496565150, 0.90979666, 7.967903, -0.5267244
1515496565170, -0.095768064, 8.169016, 0.23942018
1515496565190, 0.2873042, 9.873688, 0.91937345
1515496565210, 1.1875241, 10.888829, 0.34476504
1515496565230, 1.6376339, 10.994174, 0.038307227
1515496565250, 2.2122424, 11.63582, -0.08619126
1515496565272, 2.5570073, 12.172121, -0.22026655
1515496565292, 1.0726024, 12.804191, -1.3694834
1515496565310, -1.1109096, 16.338032, -0.82360536
1515496565330, -0.7086837, 13.532028, -1.4269443
1515496565350, -0.22984336, 12.181698, -4.050989
1515496565371, -0.94810385, 10.247183, -3.3997664
1515496565390, -2.2122424, 9.854534, -1.532289
1515496565411, -3.1890767, 11.616667, -3.122039
1515496565430, -4.012682, 14.030022, -1.8866309
1515496565450, -3.4763808, 15.20797, -0.30645782
1515496565470, -2.777274, 14.18325, 5.3821654
1515496565490, -1.9249382, 11.81778, 1.7621324
1515496565510, -1.8004397, 8.90643, 0.08619126
1515496565530, -0.4405331, 6.9527617, 1.292869
1515496565550, 0.17238252, 6.943185, 1.1971009
1515496565571, 0.7182605, 6.5984197, 1.7238252
1515496565590, 0.91937345, 4.146757, 0.89064306
1515496565610, 0.5746084, 3.3135753, 1.1109096
1515496565630, 0.38307226, 3.8977604, 1.5035586
1515496565650, 0.22026655, 4.2999864, 1.8387469
1515496565670, 0.39264908, 4.5872903, 2.4037786
1515496565690, 0.8523358, 5.4779334, 2.96881
1515496565710, 0.9672575, 8.37013, 3.1890767
1515496565730, 0.4213795, 10.831368, 3.7828386
1515496565751, -0.12449849, 12.995727, 4.855441
1515496565770, 0.7661445, 14.738706, 5.813122
1515496565790, 0.842759, 12.957419, 7.2783732
1515496565810, 0.89064306, 9.548077, 6.3111157
1515496565830, 1.3311762, 14.853627, 4.1371803
1515496565850, -0.009576807, 18.176779, 1.8770541
1515496565871, -4.9320555, 14.528016, 0.6512229
1515496565890, -4.2904096, 7.824251, 1.2258313
1515496565911, -3.6104562, 6.8761473, 0.51714754
1515496565930, -1.2354081, 6.7229185, -0.2681506
1515496565951, 1.2449849, 7.019799, 1.4269443
1515496565970, 1.9153614, 8.887277, -1.4939818
1515496565991, 1.3599066, 12.047623, -2.7006595
1515496566011, 1.0342951, 11.070788, 0.34476504
1515496566031, 0.40222588, 10.151415, 1.1779473
1515496566051, -0.38307226, 9.030929, 0.46926352
1515496566071, -0.6607997, 8.197746, 1.3024458
1515496566091, -0.8714894, 7.1347213, 1.388637
1515496566111, -0.81402856, 6.3302693, -0.02873042
1515496566131, -0.34476504, 7.029376, -0.21068975
1515496566153, 0.80445176, 8.408437, 0.22026655
1515496566171, 1.4556746, 8.676587, 0.21068975
1515496566191, 1.4173675, 7.4124484, 0.32561144
1515496566210, 0.8523358, 6.9144545, 0.38307226
1515496566231, 0.82360536, 8.571242, 0.18195933
1515496566250, 1.13964, 10.668563, -0.61291564
1515496566271, 1.2066777, 10.783484, -0.34476504
1515496566290, 1.5131354, 10.94629, 0.1436521
1515496566311, 2.231396, 12.0571995, 0.009576807
1515496566330, 2.8060043, 12.804191, 0.23942018
1515496566351, 1.6663644, 13.292608, -1.0630256
1515496566371, -0.5363012, 15.552734, -0.7278373
1515496566391, -0.20111294, 13.350069, -1.5227122
1515496566411, 0.6512229, 12.248735, -3.122039
1515496566431, -0.89064306, 10.43872, -3.6008794
1515496566451, -1.8004397, 10.208876, -3.074155
1515496566471, -3.41892, 11.836933, -2.873042
1515496566490, -4.55856, 13.972561, -1.1109096
1515496566511, -3.466804, 15.571888, 1.2449849
1515496566531, -2.0111294, 15.74427, 3.2561142
1515496566551, -2.2122424, 10.314221, 0.02873042
1515496566571, -1.3215994, 7.8912888, 0.5650316
1515496566591, -0.047884032, 7.441179, 1.2354081
1515496566611, 0.19153613, 7.1826053, 1.0630256
1515496566631, 1.1013328, 4.31914, 3.5338416
1515496566650, 1.0055647, 2.777274, 0.545878
1515496566670, 0.41180268, 3.323152, 1.6567876
1515496566690, 0.6607997, 3.620033, 1.9249382
1515496566710, 0.6703765, 4.1371803, 2.2505496
1515496566730, 0.9672575, 5.2959743, 2.9400797
1515496566750, 1.2162545, 6.579266, 3.217807
1515496566771, 1.2449849, 7.9870567, 3.572149
1515496566791, 1.3599066, 9.710882, 2.825158
1515496566810, 1.3694834, 12.612655, 3.1890767
1515496566831, 1.2641385, 15.02601, 4.903325
1515496566851, -0.11492168, 13.292608, 7.833828
1515496566871, -0.08619126, 8.734048, 7.4603324
1515496566891, -0.5650316, 13.024457, 3.8402996
1515496566910, -0.2681506, 16.74026, 3.3327289
1515496566931, -3.6391866, 15.897499, 1.2737153
1515496566951, -3.620033, 7.441179, 3.8115692
1515496566970, -2.480393, 7.9966335, 0.076614454
1515496566990, 0.009576807, 7.9966335, -0.9959879
1515496567010, 1.733402, 8.00621, -1.982399
1515496567030, 1.9249382, 9.433155, -0.16280572
1515496567051, 1.4460979, 10.084377, -0.41180268
1515496567071, 0.60333884, 9.9790325, 0.25857377
1515496567091, 0.4213795, 9.787497, 0.6703765
1515496567111, -0.40222588, 9.385271, 0.60333884
1515496567131, -0.29688102, 8.695741, 0.90021986
1515496567150, -0.25857377, 8.073248, 0.8714894
1515496567171, -0.46926352, 7.153875, 0.2777274
1515496567191, -1.1204864, 6.253655, -0.36391866
1515496567210, -0.51714754, 6.3781533, -1.0151415
1515496567231, 0.641646, 7.632715, -0.23942018
1515496567251, 1.0342951, 8.437167, -0.30645782
1515496567271, 0.90021986, 8.121132, -0.4213795
1515496567291, -0.009576807, 8.1402855, 0.6607997
1515496567311, 0.20111294, 9.672575, -0.05746084
1515496567331, 1.2449849, 11.616667, -0.5650316
1515496567351, 1.982399, 11.664551, 0.009576807
1515496567371, 2.6048915, 11.942278, -0.4309563
1515496567391, 3.2561142, 13.062764, -0.06703765
1515496567410, 2.0973208, 13.043611, -0.21068975
1515496567430, -0.842759, 16.01242, -2.3463178
1515496567450, -0.9576807, 13.819332, -0.21068975
1515496567471, 0.7278373, 12.516887, -4.185065
1515496567491, -0.16280572, 11.061212, -4.1276035
1515496567511, -2.231396, 10.323798, -3.5913026
1515496567531, -3.3901896, 11.089942, -3.6104562
1515496567551, -4.31914, 13.321339, -0.9959879
1515496567570, -3.86903, 15.188815, 1.4460979
1515496567590, -2.0590134, 15.016433, 4.9224787
1515496567610, -1.5610195, 12.421119, 1.0247183
1515496567630, -1.2545617, 8.63828, -0.58418524
1515496567651, -0.11492168, 7.642292, 1.0821792
1515496567671, 0.5650316, 6.4260373, 2.1164744
1515496567691, 1.5035586, 4.1659107, 0.4309563
1515496567711, 1.1300632, 3.6008794, 0.12449849
1515496567730, 0.61291564, 3.7828386, 0.89064306
1515496567751, 0.36391866, 3.8019924, 1.4748282
1515496567770, 0.047884032, 4.003105, 2.2505496
1515496567791, 0.1436521, 5.4204726, 3.3901896
1515496567810, 0.641646, 6.8186865, 3.1411927
1515496567830, 1.1875241, 8.829816, 3.667917
1515496567851, 1.043872, 10.333375, 4.3957543
1515496567871, 0.8714894, 12.804191, 4.1371803
1515496567891, 1.043872, 14.60463, 4.7788267
1515496567911, 0.4405331, 13.876793, 7.9391727
1515496567930, -0.22984336, 11.434708, 6.579266
1515496567950, 1.1204864, 15.456966, 5.947197
1515496567970, -0.35434186, 15.389929, 3.2561142
1515496567991, -2.4899697, 12.440272, 3.2369606
1515496568011, -2.9783869, 7.680599, 1.541866
1515496568031, -2.585738, 8.0445175, 0.641646
1515496568051, -0.5650316, 7.97748, -0.31603462
1515496568071, 0.8714894, 8.178593, -0.90979666
1515496568090, 1.8004397, 10.1226845, -0.7661445
1515496568111, 1.8674773, 10.151415, 0.51714754
1515496568131, 0.93852705, 9.165004, 0.25857377
1515496568151, 0.4309563, 8.599973, 0.46926352
1515496568171, 0.34476504, 8.37013, 0.7374141
1515496568191, 0.17238252, 8.255207, 0.94810385
1515496568211, -0.4405331, 7.5465236, 0.81402856
1515496568231, -0.60333884, 7.2687964, 0.05746084
1515496568251, -0.038307227, 6.895301, -0.23942018
1515496568271, -0.11492168, 7.1826053, -0.60333884
1515496568291, 0.038307227, 7.153875, -0.05746084
1515496568311, 0.16280572, 7.431602, -0.17238252
1515496568331, 0.22026655, 7.8912888, 0.009576807
1515496568351, 0.38307226, 9.232041, 0.30645782
1515496568371, 0.7086837, 10.850522, 0.047884032
1515496568390, 0.90021986, 11.405977, -0.16280572
1515496568411, 1.8004397, 11.951855, -0.45968673
1515496568430, 2.6623523, 12.277467, -0.45010993
1515496568451, 2.9496565, 13.024457, -0.45968673
1515496568471, 2.135628, 13.053187, 0.31603462
1515496568491, 0.41180268, 14.5567465, -2.0494366
1515496568511, -1.6472107, 13.579912, -1.0055647
1515496568531, -0.82360536, 11.36767, -3.2848446
1515496568551, -1.13964, 10.745177, -3.6487634
1515496568571, -2.2888567, 10.180145, -3.122039
1515496568590, -3.821146, 11.386824, -3.0550013
1515496568611, -4.414908, 13.781025, -1.6089035
1515496568631, -3.6774938, 16.01242, 2.2888567
1515496568651, -2.1260512, 14.269443, 1.9153614
1515496568671, -1.934515, 10.773908, 0.7278373
1515496568691, -0.93852705, 9.165004, 0.6607997
1515496568711, -0.06703765, 7.967903, 1.8483237
1515496568730, 0.47884035, 5.449203, 1.8195933
1515496568751, 0.7469909, 4.8267107, 0.9864111
1515496568771, 0.7182605, 4.1180267, 1.0342951
1515496568791, 1.1109096, 3.2848446, 1.1013328
1515496568811, 0.79487497, 3.6870706, 1.5705963
1515496568831, 0.47884035, 4.098873, 2.1643584
1515496568851, 0.5363012, 4.8745947, 3.0358477
1515496568871, 0.842759, 6.6271505, 3.7349546
1515496568891, 1.3982137, 7.776367, 4.644751
1515496568911, 1.3982137, 9.902418, 4.807557
1515496568931, 0.9864111, 12.6222315, 4.999093
1515496568951, 1.2066777, 14.997279, 6.5696893
1515496568971, 1.0247183, 12.469003, 6.291962
1515496568990, 1.5705963, 9.586384, 7.28795
1515496569011, 1.1587936, 12.4785795, 4.4436383
1515496569031, 0.79487497, 15.131354, 4.1276035
1515496569051, -3.3614593, 12.287044, 0.94810385
1515496569071, -3.9073372, 10.860099, 1.7046716
1515496569090, -3.1316159, 7.9104424, 2.030283
1515496569111, -1.388637, 7.843405, 0.58418524
1515496569131, 0.81402856, 7.201759, -0.9672575
1515496569150, 1.5035586, 9.481039, -1.388637
1515496569170, 1.8387469, 10.218452, 0.47884035
1515496569190, 0.8331822, 9.270349, 0.23942018
1515496569210, 0.25857377, 8.724471, 0.076614454
1515496569230, -0.33518824, 8.801085, 0.59376204
1515496569250, -0.545878, 8.389283, 0.545878
1515496569271, -0.17238252, 7.565677, 1.2737153
1515496569290, -0.6895301, 7.038953, 0.92895025
1515496569310, -0.40222588, 6.933608, -0.21068975
1515496569330, 0.08619126, 7.2304893, -0.48841715
1515496569350, 0.61291564, 7.192182, -0.47884035
1515496569371, 1.6567876, 7.73806, -0.17238252
1515496569391, 1.3120226, 8.37013, -0.4309563
1515496569411, 0.22984336, 7.795521, -0.21068975
1515496569430, -0.48841715, 8.552089, -0.41180268
1515496569450, -0.21068975, 11.128249, -1.8674773
1515496569471, 1.3024458, 12.421119, 0.41180268
1515496569491, 1.2545617, 12.382812, 1.0342951
1515496569511, 1.7812861, 12.53604, 0.22984336
1515496569531, 1.4748282, 12.909535, -0.30645782
1515496569551, 0.4213795, 16.4338, -2.6144683
1515496569571, -1.0534488, 14.4130945, 0.22984336
1515496569591, -0.05746084, 12.143391, -3.2752678
1515496569611, -0.6607997, 10.821792, -3.5913026
1515496569631, -1.484405, 10.160992, -2.8634653
1515496569651, -2.6048915, 10.630256, -4.3478703
1515496569671, -2.8634653, 12.555194, -2.834735
1515496569691, -3.265691, 14.738706, -0.34476504
1515496569711, -2.5474305, 15.47612, 6.493075
1515496569731, -1.6759412, 13.67568, 1.5035586
1515496569751, -2.2984335, 9.739613, -1.5897499
1515496569771, -0.23942018, 7.1826053, 0.5650316
1515496569791, 0.9768343, 4.4436383, 3.5625722
1515496569811, 1.2354081, 5.506664, 0.641646
1515496569831, 1.1683705, 4.6830587, 0.32561144
1515496569851, 0.90021986, 3.4476504, 0.37349546
1515496569871, 0.38307226, 3.5338416, 1.1779473
1515496569891, 0.20111294, 3.7732618, 2.4708161
1515496569911, 0.36391866, 5.3725886, 3.916914
1515496569931, 0.58418524, 6.8186865, 4.261679
1515496569951, 0.90021986, 8.590396, 4.3861775
1515496569971, 1.388637, 10.477027, 3.763685
1515496569991, 1.6567876, 12.200851, 3.6870706
1515496570011, 1.5993267, 13.8959465, 4.8745947
1515496570031, 1.1587936, 13.206416, 7.441179
1515496570051, 1.436521, 9.481039, 8.101978
1515496570071, 0.6895301, 13.177686, 4.865018
1515496570091, 0.29688102, 14.920665, 4.55856
1515496570111, -2.3080103, 12.53604, 2.384625
1515496570131, -2.6048915, 10.199299, 2.1164744
1515496570151, -2.9017725, 7.929596, 1.1109096
1515496570171, -2.183512, 9.682152, -0.38307226
1515496570191, -0.02873042, 8.42759, -0.7661445
1515496570211, 0.8331822, 9.346964, -1.3790601
1515496570231, 0.8714894, 9.739613, 0.5650316
1515496570251, 0.5746084, 9.059659, 0.36391866
1515496570271, 0.34476504, 8.772355, 0.5746084
1515496570291, -0.02873042, 8.963891, 0.7278373
1515496570311, 0.17238252, 8.446744, 0.63206923
1515496570331, -0.50757074, 7.9966335, 1.0726024
1515496570350, -0.7661445, 6.8091097, 0.6512229
1515496570371, -0.7278373, 6.4643445, 0.019153614
1515496570391, -0.5554548, 6.9240313, -0.10534488
1515496570411, 0.60333884, 7.920019, -0.2873042
1515496570431, 0.9576807, 8.485051, 0.05746084
1515496570451, 0.9768343, 8.456321, 0.009576807
1515496570471, 0.51714754, 8.178593, -0.02873042
1515496570491, 0.33518824, 8.992621, -0.1436521
1515496570511, 0.93852705, 11.348516, -1.1109096
1515496570531, 2.2122424, 12.162544, -0.6799533
1515496570550, 1.7429788, 12.229582, -0.6991069
1515496570570, 1.1779473, 12.660539, -0.06703765
1515496570590, 0.80445176, 12.957419, 0.15322891
1515496570611, 0.40222588, 13.924677, -0.78529817
1515496570630, -0.6895301, 16.64449, -0.2681506
1515496570650, -0.7374141, 13.551182, -3.0358477
1515496570670, -0.6991069, 12.105083, -4.367024
1515496570691, -1.4556746, 10.390836, -3.3135753
1515496570710, -2.336741, 9.586384, -2.834735
1515496570731, -3.9456444, 10.477027, -1.4077905
1515496570750, -3.7445314, 12.248735, -0.10534488
1515496570771, -2.3175871, 14.211981, 2.8921957
1515496570791, -0.545878, 14.326903, 2.8634653
1515496570811, -1.0821792, 11.224017, -1.2162545
1515496570831, -0.8331822, 8.322245, -0.641646
1515496570851, -0.39264908, 6.8282633, 0.82360536
1515496570871, 0.8523358, 4.855441, 3.122039
1515496570891, 0.92895025, 4.721366, 0.45968673
1515496570911, 0.545878, 4.4915223, 0.7469909
1515496570931, 0.5363012, 3.7062242, 1.2449849
1515496570951, 0.46926352, 4.098873, 2.135628
1515496570971, 0.5267244, 4.156334, 2.9592333
1515496570991, 0.5554548, 5.841852, 3.5817258
1515496571011, 0.8810662, 7.335834, 4.31914
1515496571031, 1.2258313, 9.279925, 5.142745
1515496571054, 1.8579005, 11.358093, 5.257667
1515496571071, 1.9440918, 14.422671, 5.995081
1515496571091, 0.5363012, 13.254301, 5.8322754
1515496571111, 0.019153614, 10.093954, 7.1826053
1515496571131, -0.45968673, 11.722012, 5.410896
1515496571151, 0.641646, 17.372328, 7.3645644
1515496571171, -2.0015526, 11.693281, 3.5242648
1515496571191, -3.265691, 3.5051112, 0.2681506
1515496571210, -2.6719291, 8.935161, 0.5554548
1515496571231, -0.18195933, 7.833828, -0.8714894
1515496571251, -0.038307227, 9.3182335, -0.94810385
1515496571271, 0.36391866, 10.898406, -1.6376339
1515496571291, 0.58418524, 10.984597, -0.40222588
1515496571311, 1.6184803, 9.56723, 3.763685
1515496571331, 2.0207062, 8.686164, 1.4939818
1515496571351, 1.1587936, 8.341399, -0.08619126
1515496571371, 0.39264908, 7.52737, -0.16280572
1515496571391, -0.06703765, 6.895301, 1.1013328
1515496571411, -1.3694834, 7.1251445, 0.51714754
1515496571431, -1.4269443, 7.7093296, 0.19153613
1515496571451, -1.934515, 8.437167, 0.038307227
1515496571471, 0.18195933, 8.312668, 0.5554548
1515496571491, 0.38307226, 8.24563, 0.6512229
1515496571512, 0.89064306, 7.565677, 0.32561144
1515496571530, 0.7565677, 7.201759, 0.5554548
1515496571550, 1.1109096, 7.517793, 0.58418524
1515496571570, 1.9057846, 10.658986, -0.2681506
1515496571590, 2.5378537, 11.722012, -0.18195933
1515496571611, 2.327164, 12.229582, 0.32561144
1515496571630, 1.484405, 12.957419, 1.043872
1515496571651, 0.7757214, 12.909535, 1.292869
1515496571671, 0.20111294, 14.891934, -1.13964
1515496571690, -0.5746084, 16.615759, 0.0
1515496571710, 0.22984336, 13.072341, -2.231396
1515496571730, 0.16280572, 12.124237, -2.8538885
1515496571750, -0.90021986, 10.553641, -2.5570073
1515496571771, -2.825158, 10.333375, -3.5913026
1515496571791, -2.920926, 11.63582, -3.064578
1515496571811, -4.865018, 13.22557, -2.0398598
1515496571831, -3.7732618, 13.819332, 0.009576807
1515496571851, -1.4939818, 13.43626, 4.8267107
1515496571871, -0.22984336, 11.84651, 2.078167
1515496571890, -0.10534488, 9.710882, 0.08619126
1515496571911, 0.46926352, 6.8091097, 0.7757214
1515496571932, -0.35434186, 5.5737014, -0.21068975
1515496571951, 0.21068975, 3.6487634, 3.86903
1515496571971, -0.45010993, 3.3039982, 0.50757074
1515496571991, -0.2681506, 3.6391866, 0.9672575
1515496572011, -0.1436521, 4.1371803, 1.5131354
1515496572031, -0.019153614, 4.7309427, 2.4612393
1515496572051, 0.1340753, 6.3206925, 3.4284968
1515496572070, 0.6991069, 8.025364, 3.667917
1515496572091, 1.0247183, 9.155427, 4.1659107
1515496572111, 0.9959879, 10.601525, 4.55856
1515496572131, 0.34476504, 12.966996, 5.094861
1515496572151, 0.10534488, 13.8959465, 5.391742
1515496572171, 0.047884032, 11.597513, 6.5696893
1515496572191, 0.5554548, 9.548077, 6.655881
1515496572211, 0.62249243, 13.67568, 5.793968
1515496572231, 1.7429788, 16.510414, 7.7667904
1515496572251, -1.3120226, 11.405977, 3.667917
1515496572271, -2.3942018, 7.52737, 2.3080103
1515496572291, -2.336741, 10.007763, 0.60333884
1515496572311, -1.1779473, 10.266336, 0.93852705
1515496572331, 0.5267244, 7.881712, -1.6376339
1515496572351, 0.20111294, 9.002198, -1.5227122
1515496572370, 0.11492168, 8.887277, 0.41180268
1515496572391, 0.7757214, 8.714894, 0.47884035
1515496572411, 0.047884032, 9.77792, 0.40222588
1515496572431, -0.30645782, 10.0269165, 0.6703765
1515496572450, 0.02873042, 9.519346, 1.0151415
1515496572472, -0.34476504, 8.42759, 0.545878
1515496572491, -0.50757074, 7.3071036, -0.24899697
1515496572511, -0.47884035, 6.588843, -0.5554548
1515496572531, -0.17238252, 6.3206925, -0.7278373
1515496572551, 0.7086837, 7.029376, -0.7757214
1515496572571, 1.2641385, 8.197746, 0.45968673
1515496572591, 0.7661445, 9.11712, 0.9959879
1515496572611, 0.038307227, 8.8777, 0.20111294
1515496572631, 0.076614454, 8.274361, -0.16280572
1515496572652, 0.35434186, 8.695741, 0.1340753
1515496572671, 0.46926352, 9.864111, -0.02873042
1515496572691, 1.3215994, 11.003751, -0.31603462
1515496572711, 2.087744, 10.7356, -0.47884035
1515496572731, 1.436521, 11.405977, -0.2777274
1515496572751, 0.9672575, 12.785037, 1.2737153
1515496572771, 0.7182605, 13.618219, 0.1436521
1515496572791, -0.08619126, 17.046717, -1.7621324
1515496572811, 1.5897499, 13.599066, -1.9536686
1515496572831, 0.6799533, 13.311762, -3.169923
1515496572851, -0.7565677, 9.844957, -3.2848446
1515496572871, -1.6184803, 8.7532015, -3.323152
1515496572891, -2.825158, 10.448297, -3.8402996
1515496572911, -3.0933087, 12.373235, -2.3654714
1515496572931, -2.7964275, 13.733141, -0.08619126
1515496572951, -2.2218192, 14.834474, 6.14831
1515496572971, -1.6567876, 14.116213, 1.9919758
1515496572991, -2.0685902, 9.892841, -0.37349546
1515496573011, -0.5650316, 7.699753, 1.0630256
1515496573031, -0.076614454, 4.673482, 4.0318356
1515496573051, 0.34476504, 5.4779334, 0.545878
1515496573071, 0.30645782, 5.3725886, 1.1587936
1515496573090, 0.2681506, 4.2999864, 1.1109096
1515496573111, 0.6512229, 3.5338416, 0.842759
1515496573131, 0.4405331, 4.098873, 1.1587936
1515496573151, 0.20111294, 4.7788267, 2.1452048
1515496573171, 0.48841715, 6.0142345, 3.122039
1515496573191, 0.7278373, 6.8569937, 3.916914
1515496573211, 1.1683705, 7.843405, 4.654328
1515496573231, 0.89064306, 10.726024, 4.8841715
1515496573251, 0.7469909, 12.765883, 5.353435
1515496573271, 0.81402856, 14.393941, 7.2209125
1515496573291, 0.1436521, 12.813767, 5.161899
1515496573311, 0.39264908, 15.198392, 6.7229185
1515496573331, 0.46926352, 14.805743, 6.0238113
1515496573351, -2.2505496, 11.741165, 3.1316159
1515496573371, -4.6351743, 10.084377, 0.6895301
1515496573391, -2.882619, 8.054094, 3.4955344
1515496573411, -0.94810385, 9.720459, 0.9672575
1515496573431, 0.24899697, 10.534488, -1.3215994
1515496573451, 1.7812861, 8.532935, -3.0933087
1515496573471, 0.8523358, 8.542512, -1.685518
1515496573491, 0.40222588, 8.552089, 2.3654714
1515496573511, 0.78529817, 9.126697, 1.9919758
1515496573531, 0.19153613, 9.653421, 0.93852705
1515496573551, -0.30645782, 9.346964, 0.6895301
1515496573571, -0.7182605, 7.9104424, 0.7086837
1515496573591, -0.5363012, 6.4739213, 0.40222588
1515496573611, 0.1436521, 5.93762, -0.7182605
1515496573630, 0.2873042, 6.742072, -1.3694834
1515496573651, 0.63206923, 8.159439, 0.08619126
1515496573671, 0.45968673, 7.9104424, 0.23942018
1515496573691, 0.33518824, 7.2209125, -0.31603462
1515496573711, 0.45010993, 7.5082164, -0.842759
1515496573731, 0.45968673, 8.628703, -0.545878
1515496573751, -0.36391866, 9.375694, -0.4309563
1515496573771, 0.2777274, 11.57836, -0.61291564
1515496573791, 1.8004397, 11.951855, -0.02873042
1515496573811, 1.9919758, 12.315774, 0.019153614
1515496573831, 2.1739352, 13.618219, 0.02873042
1515496573851, 1.5610195, 15.485697, -1.6950948
1515496573870, 0.18195933, 17.7554, -1.7908629
1515496573891, 1.091756, 14.652514, -0.82360536
1515496573911, 0.37349546, 13.809755, -3.5338416
1515496573931, -1.2066777, 11.329363, -2.8060043
1515496573951, -2.6623523, 9.308656, -2.3750482
1515496573971, -3.6774938, 9.662998, -2.3750482
1515496573991, -3.1794999, 10.850522, -3.2465374
1515496574011, -2.7389667, 11.942278, -2.9592333
1515496574031, -1.9153614, 14.891934, 1.1875241
1515496574051, -1.3024458, 14.949395, 4.146757
1515496574071, -1.8579005, 9.998186, -1.3503298
1515496574091, -0.2777274, 5.803545, 3.7253778
1515496574111, 0.11492168, 5.717354, 1.6089035
1515496574131, 0.46926352, 5.7843914, 0.78529817
1515496574151, 0.60333884, 4.9703627, 1.1587936
1515496574171, 0.80445176, 3.3327289, 1.0726024
1515496574191, 0.90021986, 2.9783869, 1.0630256
1515496574211, 1.0726024, 3.41892, 1.8579005
1515496574231, 1.6376339, 4.0797195, 2.4708161
1515496574251, 1.5610195, 6.531382, 3.7541082
1515496574270, 1.6376339, 8.418014, 4.8458643
1515496574291, 1.0630256, 10.448297, 4.960786
1515496574310, 0.4405331, 11.942278, 5.257667
1515496574331, 0.91937345, 14.164097, 6.885724
1515496574351, -0.6607997, 13.206416, 4.453215
1515496574371, -1.1683705, 16.385916, 6.6846113
1515496574390, 0.22026655, 15.255854, 8.810662
1515496574411, -1.8674773, 2.6048915, 2.5187001
1515496574431, -3.0454245, 10.199299, 0.9959879
1515496574451, -1.0247183, 12.344504, 3.6774938
1515496574471, -0.1436521, 10.582372, 0.2873042
1515496574491, -0.1436521, 8.389283, -2.0398598
1515496574511, 0.29688102, 8.829816, -2.5378537
1515496574530, 0.32561144, 9.691729, -0.51714754
1515496574551, 0.60333884, 10.390836, 3.5913026
1515496574571, 0.63206923, 9.911995, 2.7389667
1515496574591, 0.16280572, 9.308656, 0.17238252
1515496574611, -0.50757074, 8.504205, -0.30645782
1515496574631, -0.7086837, 7.7093296, 0.22026655
1515496574651, -0.11492168, 7.3166804, 0.30645782
1515496574671, -0.24899697, 7.2592196, -0.15322891
1515496574691, -0.2681506, 7.2113357, -0.63206923
1515496574711, 0.009576807, 7.383718, -0.62249243
1515496574731, 0.06703765, 7.575254, -0.4309563
1515496574752, -0.19153613, 7.6614456, 0.019153614
1515496574771, -0.17238252, 7.5944076, -0.20111294
1515496574791, 0.038307227, 7.9583263, -0.25857377
1515496574811, 0.29688102, 9.289502, -0.46926352
1515496574831, 1.2545617, 11.310209, -0.29688102
1515496574851, 1.3694834, 12.756307, 0.59376204
1515496574871, 1.1683705, 12.4785795, 0.90979666
1515496574891, 1.0247183, 12.315774, 1.2354081
1515496574911, 1.2641385, 14.384364, -1.6567876
1515496574931, -0.18195933, 16.414646, -0.6799533
1515496574951, -0.5554548, 14.84405, -4.1946416
1515496574971, -1.13964, 12.660539, -3.3614593
1515496574991, -1.685518, 9.80665, -2.8060043
1515496575011, -2.4612393, 9.883265, -2.5378537
1515496575031, -3.2082303, 11.789049, -3.6583402
1515496575051, -2.8443117, 13.340492, -2.7485435
1515496575071, -1.7908629, 14.939818, 0.89064306
1515496575091, 0.06703765, 15.08347, 5.535394
1515496575111, -0.7182605, 12.5264635, -0.047884032
1515496575131, -1.5131354, 8.887277, -1.484405
1515496575151, -0.16280572, 7.73806, 0.009576807
1515496575171, 0.5363012, 5.0374002, 2.566584
1515496575191, 0.9959879, 4.721366, 0.9768343
1515496575211, 0.58418524, 4.3382936, 0.49799395
1515496575231, 0.40222588, 3.5625722, 1.1013328
1515496575250, 0.20111294, 3.4093432, 1.5993267
1515496575271, -0.05746084, 3.8498764, 2.0685902
1515496575291, -0.1340753, 4.462792, 2.327164
1515496575311, 0.19153613, 6.215348, 3.3423057
1515496575331, 0.6512229, 8.389283, 4.3861775
1515496575351, 0.7565677, 10.228029, 4.2904096
1515496575371, 1.2066777, 12.038046, 4.3287168
1515496575391, 1.9249382, 14.298173, 6.0716953
1515496575411, 2.0973208, 11.405977, 6.3589997
1515496575430, 2.5953147, 8.7053175, 7.6135616
1515496575451, 2.8921957, 7.5082164, 5.90889
1515496575471, 0.076614454, 14.882358, 3.2369606
1515496575491, -0.60333884, 16.232687, 2.087744
1515496575511, -4.7788267, 14.930242, 0.10534488
1515496575531, -4.5394063, 8.590396, 1.2641385
1515496575551, -3.8977604, 7.144298, 0.8523358
1515496575571, -1.4556746, 7.52737, -0.9959879
1515496575591, -0.095768064, 7.7572136, -0.5267244
1515496575611, 0.4213795, 9.825804, 1.6376339
1515496575631, 0.2777274, 11.9135475, -0.37349546
1515496575651, 0.31603462, 11.33894, 0.5554548
1515496575670, 0.7182605, 10.400413, 0.7757214
1515496575691, 0.6607997, 9.500193, 0.12449849
1515496575711, -0.23942018, 8.418014, 0.047884032
1515496575731, -0.6895301, 7.1059904, 0.63206923
1515496575750, -0.7086837, 6.1100025, 0.1340753
1515496575771, -0.48841715, 6.703765, -0.32561144
1515496575791, -0.02873042, 7.728483, -0.61291564
1515496575811, 0.90979666, 8.331821, -0.19153613
1515496575831, 1.1683705, 8.293514, 0.22026655
1515496575851, 0.90979666, 7.795521, 0.047884032
1515496575871, 0.7182605, 7.7093296, -0.40222588
1515496575891, 0.9768343, 8.868123, -0.2777274
1515496575911, 0.9959879, 10.448297, -0.51714754
1515496575931, 1.0821792, 11.300632, -0.63206923
1515496575951, 1.532289, 11.33894, 0.46926352
1515496575971, 1.436521, 12.650962, 0.9959879
1515496575991, 1.5610195, 13.148955, 0.19153613
1515496576011, 1.2258313, 13.493721, 0.6703765
1515496576031, 0.6991069, 16.213533, -2.3175871
1515496576051, -0.4213795, 14.700398, 0.1340753
1515496576071, 0.80445176, 12.545617, -4.596867
1515496576091, 0.23942018, 10.936713, -3.9743748
1515496576111, -0.9576807, 10.0269165, -2.9975405
1515496576131, -2.5570073, 10.409989, -1.9440918
1515496576151, -3.371036, 12.018892, -2.1452048
1515496576171, -1.9057846, 15.035586, 2.1452048
1515496576191, -0.32561144, 14.748282, 4.6160207
1515496576211, -1.1492168, 11.224017, -0.7182605
1515496576231, -0.5650316, 8.475474, 0.842759
1515496576251, 0.16280572, 7.967903, 1.1204864
1515496576271, 1.1204864, 6.215348, 1.7812861
1515496576291, 1.283292, 5.793968, 0.60333884
1515496576311, 0.8619126, 4.3861775, 1.043872
1515496576331, 0.37349546, 3.4572272, 1.2737153
1515496576351, 0.23942018, 3.4572272, 1.6663644
1515496576371, 0.4405331, 3.5434184, 1.9249382
1515496576391, 0.39264908, 5.1810527, 2.825158
1515496576411, 0.4309563, 6.6271505, 3.2082303
1515496576431, 0.32561144, 7.9104424, 4.2425256
1515496576451, 0.5363012, 9.299079, 4.55856
1515496576471, 1.0726024, 10.907983, 4.644751
1515496576491, 1.4173675, 12.861651, 5.085284
1515496576511, 1.0821792, 13.148955, 7.97748
1515496576531, 1.0726024, 9.605537, 8.0445175
1515496576551, 0.7182605, 11.358093, 5.4300494
1515496576571, 0.6799533, 15.399506, 4.9799395
1515496576591, -2.480393, 12.363658, 1.9728222
1515496576611, -2.183512, 10.764331, 1.934515
1515496576631, -2.5761611, 9.749189, 0.63206923
1515496576650, -1.1492168, 9.481039, 0.6703765
1515496576671, 1.1779473, 8.695741, -0.9864111
1515496576690, 1.1779473, 8.743625, -1.5897499
1515496576710, 0.9768343, 8.791509, 0.1436521
1515496576730, 0.39264908, 8.695741, 0.51714754
1515496576750, -0.095768064, 9.528923, 0.15322891
1515496576770, -0.33518824, 10.065224, 0.45968673
1515496576791, -0.05746084, 9.222465, 0.8714894
1515496576810, 0.34476504, 7.8146744, 1.1875241
1515496576830, -0.6607997, 6.5696893, 0.7086837
1515496576850, -0.5363012, 5.899313, -0.19153613
1515496576870, 0.2777274, 6.9240313, -0.45968673
1515496576890, 0.24899697, 8.63828, -0.02873042
1515496576910, 0.7469909, 8.523358, 0.6607997
1515496576931, 1.043872, 7.7667904, 0.45968673
1515496576950, 0.49799395, 8.073248, -0.45010993
1515496576971, 0.4405331, 8.90643, 0.12449849
1515496576990, 0.61291564, 9.959879, 0.18195933
1515496577011, 1.2162545, 11.21444, -1.5227122
1515496577031, 2.8060043, 12.124237, -1.2737153
1515496577051, 2.2505496, 12.689269, 0.06703765
1515496577071, 1.6472107, 12.392388, 0.32561144
1515496577091, 0.8523358, 12.545617, 0.7086837
1515496577111, 0.22026655, 14.719552, -1.9728222
1515496577131, -0.6895301, 14.54717, 0.4405331
1515496577151, 0.34476504, 12.583924, -3.3901896
1515496577171, -0.5554548, 11.434708, -4.548983
1515496577191, -1.8962077, 9.394848, -3.7253778
1515496577211, -2.96881, 9.548077, -2.5761611
1515496577231, -3.8498764, 11.300632, -2.480393
1515496577251, -4.4340615, 13.196839, -1.13964
1515496577271, -3.7253778, 14.585477, 1.340753
1515496577291, -1.8770541, 14.4130945, 5.3342814
1515496577311, -1.4748282, 11.779472, 0.80445176
1515496577331, -1.0247183, 9.040505, -1.1875241
1515496577351, 0.12449849, 7.086837, 0.82360536
1515496577371, 0.9768343, 5.793968, 3.8115692
1515496577391, 1.436521, 5.056554, 0.60333884
1515496577411, 1.13964, 4.261679, 0.8714894
1515496577431, 0.7182605, 3.4955344, 1.0342951
1515496577451, 0.32561144, 3.7541082, 1.9249382
1515496577471, 0.05746084, 4.501099, 3.1316159
1515496577491, 0.047884032, 5.48751, 3.3997664
1515496577511, 0.20111294, 7.0102224, 3.7924154
1515496577531, 0.6799533, 8.781932, 4.2521024
1515496577551, 1.3311762, 10.448297, 4.0892963
1515496577571, 2.0685902, 12.765883, 4.4244847
1515496577591, 1.2162545, 15.456966, 5.9184666
1515496577611, 0.05746084, 11.15698, 5.7748146
1515496577631, 1.2066777, 8.054094, 7.6231384
1515496577651, 0.6991069, 12.018892, 5.353435
1515496577671, 0.91937345, 16.232687, 4.673482
1515496577691, -1.2737153, 14.106636, 5.3725886
1515496577711, -3.514688, 10.955867, 2.1739352
1515496577731, -2.585738, 8.331821, 3.1028855
1515496577751, -1.982399, 7.6614456, -0.019153614
1515496577771, -0.2873042, 9.442732, -0.842759
1515496577791, 0.25857377, 9.165004, -0.89064306
1515496577811, 0.6799533, 10.189722, -0.29688102
1515496577831, 0.45968673, 9.404425, 0.5554548
1515496577851, 0.29688102, 9.021352, 0.15322891
1515496577871, 0.06703765, 8.896853, 0.37349546
1515496577891, -0.076614454, 8.255207, 0.08619126
1515496577911, -0.32561144, 7.6231384, 0.6991069
1515496577931, -1.1013328, 6.9048777, 0.29688102
1515496577951, -0.37349546, 7.019799, -0.038307227
1515496577971, -0.1340753, 8.408437, 0.30645782
1515496577991, 0.51714754, 9.002198, 0.39264908
1515496578011, 1.0630256, 8.169016, 0.31603462
1515496578031, 1.091756, 7.565677, 0.1340753
1515496578051, 0.92895025, 7.824251, 0.2681506
1515496578071, 0.8714894, 8.418014, 0.22026655
1515496578091, 0.9576807, 9.212888, -0.36391866
1515496578111, 1.2449849, 10.323798, -1.2449849
1515496578131, 1.5131354, 11.358093, -0.5267244
1515496578151, 1.3120226, 11.798626, 0.10534488
1515496578171, 1.1779473, 12.133814, 0.6895301
1515496578191, 1.2066777, 12.583924, 0.41180268
1515496578211, 0.47884035, 14.049175, -1.8195933
1515496578231, -0.37349546, 16.261417, -0.79487497
1515496578251, 0.22984336, 13.01488, -4.261679
1515496578271, -0.45010993, 11.57836, -3.2369606
1515496578291, -1.7142484, 10.630256, -1.8962077
1515496578311, -3.41892, 10.515334, -2.1930888
1515496578331, -3.8594532, 11.195287, -2.1643584
1515496578351, -3.1316159, 12.315774, 0.095768064
1515496578371, -1.2258313, 14.805743, 3.4763808
1515496578391, -0.2681506, 14.164097, 2.5378537
1515496578411, -1.0247183, 10.793061, -1.4173675
1515496578430, -0.8810662, 7.1059904, 0.61291564
1515496578451, -0.29688102, 6.885724, 1.484405
1515496578471, 0.7182605, 5.0757074, 1.4173675
1515496578491, 0.62249243, 4.9703627, 0.48841715
1515496578511, 0.7469909, 4.3478703, 0.94810385
1515496578531, 0.7086837, 3.8019924, 1.1492168
1515496578551, 0.49799395, 4.223372, 1.4939818
1515496578571, 0.11492168, 5.1906295, 2.3654714
1515496578591, 0.11492168, 6.1004257, 3.1028855
1515496578611, 0.17238252, 7.0964136, 3.6391866
1515496578631, 0.41180268, 7.9966335, 4.31914
1515496578651, 0.6703765, 9.873688, 4.232949
1515496578671, 0.8331822, 13.177686, 4.4436383
1515496578691, 0.545878, 13.072341, 5.439626
1515496578711, 0.58418524, 12.08593, 7.9008656
1515496578731, 1.3215994, 9.107543, 7.4507556
1515496578751, 1.1587936, 14.087482, 4.960786
1515496578771, 1.1109096, 14.987702, 5.8322754
1515496578790, -2.681506, 12.0093155, 2.1452048
1515496578811, -2.834735, 9.797073, 1.4556746
1515496578831, -2.7485435, 9.11712, 0.58418524
1515496578851, -0.9768343, 8.887277, 0.095768064
1515496578871, 0.45968673, 8.24563, -0.21068975
1515496578891, 0.9576807, 8.734048, 1.1109096
1515496578911, 1.0821792, 8.954314, -0.9576807
1515496578931, 0.46926352, 9.241618, -0.12449849
1515496578951, 0.50757074, 9.500193, 0.7565677
1515496578971, 0.93852705, 10.160992, 0.62249243
1515496578991, -0.019153614, 9.768343, 0.24899697
1515496579011, -0.29688102, 8.283937, 0.23942018
1515496579031, -0.5363012, 6.7803793, 0.24899697
1515496579051, -0.78529817, 5.9759274, -0.16280572
1515496579071, -0.47884035, 6.4068837, -0.48841715
1515496579091, 0.51714754, 8.169016, -0.076614454
1515496579111, 0.78529817, 8.820239, 0.0
1515496579131, 0.58418524, 8.571242, -0.22026655
1515496579151, 0.19153613, 8.111555, -0.019153614
1515496579171, 0.37349546, 9.251195, -0.5267244
1515496579191, 1.2258313, 11.683704, -1.484405
1515496579211, 1.5993267, 12.229582, -0.22984336
1515496579231, 1.3599066, 12.325351, 0.02873042
1515496579251, 1.5705963, 12.516887, -0.1340753
1515496579271, 1.8004397, 12.871228, 0.2777274
1515496579291, 0.81402856, 14.853627, -1.5801731
1515496579311, -0.60333884, 14.18325, -0.05746084
1515496579331, 0.15322891, 13.129802, -2.930503
1515496579350, -0.10534488, 11.540052, -3.715801
1515496579371, -0.9768343, 9.80665, -3.1316159
1515496579391, -2.183512, 9.528923, -2.078167
1515496579412, -3.6966474, 9.998186, -2.3463178
1515496579431, -3.1986535, 11.358093, -1.2449849
1515496579451, -2.2409728, 13.129802, 0.545878
1515496579471, -1.0247183, 15.045163, 3.9360676
1515496579491, -0.48841715, 13.445837, 2.078167
1515496579510, -0.7374141, 8.619126, -0.92895025
1515496579531, -0.5650316, 6.8282633, 1.0726024
1515496579551, 0.05746084, 6.895301, 1.2354081
1515496579571, 1.1109096, 4.5298295, 0.9576807
1515496579591, 0.7278373, 4.606444, 0.60333884
1515496579611, 0.7182605, 4.7788267, 1.3120226
1515496579631, 0.60333884, 5.094861, 2.0494366
1515496579650, 0.30645782, 5.161899, 2.7102363
1515496579671, 0.11492168, 5.4779334, 3.4093432
1515496579691, 0.24899697, 6.3302693, 3.667917
1515496579711, 0.35434186, 7.7189064, 3.4572272
1515496579731, 0.32561144, 9.490616, 3.2561142
1515496579751, 0.35434186, 10.869676, 3.217807
1515496579771, 0.7661445, 12.852075, 4.1371803
1515496579790, 1.1971009, 12.583924, 5.0182467
1515496579810, 1.8291701, 11.865664, 7.575254
1515496579830, 2.8443117, 7.699753, 7.28795
1515496579851, 1.4748282, 11.032481, 3.4572272
1515496579871, 0.6991069, 14.432248, 1.8674773
1515496579891, -2.6240451, 13.723564, -0.047884032
1515496579911, -6.1866174, 15.035586, -0.78529817
1515496579931, -2.920926, 7.517793, 3.1028855
1515496579951, -0.79487497, 6.7612257, -0.60333884
1515496579971, 0.81402856, 6.0525417, -0.7374141
1515496579991, 2.2697031, 5.947197, 0.6895301
1515496580011, 1.4077905, 9.251195, -1.5514427
1515496580031, 0.49799395, 12.938266, -0.37349546
1515496580051, 1.1875241, 12.74673, 0.79487497
1515496580070, 0.61291564, 10.668563, 0.9768343
1515496580093, -0.58418524, 8.264784, 0.62249243
1515496580110, -1.0247183, 6.493075, 0.7469909
1515496580130, -1.1779473, 5.1906295, 0.4405331
1515496580152, -1.4652514, 5.631162, -0.5363012
1515496580170, -1.043872, 7.7667904, -0.60333884
1515496580190, 0.2777274, 9.442732, -0.2873042
1515496580211, 1.3120226, 9.002198, -0.63206923
1515496580230, 0.9959879, 8.159439, -0.842759
1515496580250, 0.21068975, 7.9487495, -0.24899697
1515496580270, 0.4213795, 9.509769, 0.91937345
1515496580290, 1.2641385, 11.568783, -0.047884032
1515496580310, 2.2218192, 11.702858, -1.091756
1515496580330, 2.2409728, 11.386824, -0.6703765
1515496580350, 1.8004397, 12.11466, 0.7661445
1515496580370, 0.9959879, 13.024457, -0.45968673
1515496580390, -0.32561144, 15.792154, -0.80445176
1515496580411, -0.2681506, 14.441825, -0.22026655
1515496580430, 0.095768064, 12.852075, -2.4612393
1515496580451, -0.50757074, 10.94629, -3.6487634
1515496580471, -1.7717092, 9.921572, -2.4229321
1515496580491, -2.2409728, 10.907983, -3.2369606
1515496580510, -2.9400797, 12.631808, -2.480393
1515496580531, -3.2465374, 13.64695, -0.82360536
1515496580551, -2.633622, 15.409082, 3.5913026
1515496580571, -1.6567876, 14.221559, 4.1276035
1515496580591, -2.1739352, 10.486604, -1.5801731
1515496580611, -0.5650316, 7.1059904, 0.80445176
1515496580631, 0.22026655, 6.751649, 1.6376339
1515496580650, 1.2449849, 5.133168, 1.340753
1515496580671, 1.0534488, 4.6160207, 0.41180268
1515496580691, 0.5363012, 3.9839516, 0.9768343
1515496580711, 0.46926352, 3.5242648, 0.92895025
1515496580731, 0.038307227, 4.280833, 1.7717092
1515496580751, -0.019153614, 4.951209, 2.920926
1515496580771, 0.24899697, 6.7612257, 4.10845
1515496580791, 0.48841715, 7.9966335, 4.4436383
1515496580810, 0.7374141, 9.519346, 4.357447
1515496580831, 0.8331822, 10.534488, 4.4723687
1515496580850, 1.3024458, 13.005303, 4.7405195
1515496580871, 1.2162545, 13.024457, 5.592855
1515496580891, 1.3120226, 11.559206, 8.293514
1515496580911, 1.8195933, 8.283937, 6.5218053
1515496580931, 1.13964, 13.704411, 4.453215
1515496580951, 0.6991069, 14.317327, 3.7253778
1515496580971, -4.5681367, 12.995727, 0.19153613
1515496580994, -3.7445314, 10.582372, 2.882619
1515496581011, -3.6487634, 9.155427, 1.4173675
1515496581032, -1.3024458, 7.5944076, -0.35434186
1515496581051, -0.22984336, 8.283937, -0.30645782
1515496581075, 0.545878, 9.3182335, 1.9728222
1515496581091, 1.2162545, 10.333375, -0.5746084
1515496581110, 0.81402856, 10.352529, -0.545878
1515496581130, 0.78529817, 9.787497, -0.047884032
1515496581150, 0.31603462, 9.241618, 0.49799395
1515496581170, -0.5746084, 8.42759, 0.08619126
1515496581193, -1.0534488, 6.933608, 0.94810385
1515496581211, -0.9959879, 6.6846113, 0.842759
1515496581230, -0.7469909, 7.441179, 0.7278373
1515496581250, 0.15322891, 8.255207, 0.4213795
1515496581271, 1.3503298, 8.6095495, 0.36391866
1515496581290, 1.733402, 8.274361, 0.24899697
1515496581310, 1.532289, 7.6135616, -0.38307226
1515496581330, 0.9768343, 7.73806, -0.6703765
1515496581350, 0.30645782, 8.743625, -0.02873042
1515496581370, 0.019153614, 10.381259, -0.019153614
1515496581390, 0.38307226, 11.33894, -0.1436521
1515496581411, 0.7278373, 10.936713, -0.21068975
1515496581430, 0.4309563, 11.87524, 0.35434186
1515496581450, 1.091756, 12.698846, -0.36391866
1515496581471, 0.9768343, 14.738706, -2.3463178
1515496581490, -0.20111294, 15.380352, -0.62249243
1515496581510, -0.35434186, 14.365211, -1.2641385
1515496581531, -0.45968673, 13.101071, -2.0590134
1515496581550, -0.8810662, 10.783484, -2.2122424
1515496581571, -1.8195933, 9.461885, -2.2697031
1515496581591, -2.3080103, 10.170568, -1.3599066
1515496581611, -1.733402, 11.60709, -0.45010993
1515496581631, -0.81402856, 13.541605, 1.5993267
1515496581651, 0.30645782, 15.016433, 3.6966474
1515496581670, -0.41180268, 11.530476, 0.24899697
1515496581690, -0.49799395, 8.379706, -0.1436521
1515496581710, -0.08619126, 6.4739213, 1.3311762
1515496581730, 0.22984336, 7.5082164, 1.0342951
1515496581750, 0.51714754, 5.793968, 2.4708161
1515496581771, 0.6607997, 3.4093432, 0.9959879
1515496581791, 0.15322891, 3.371036, 1.0342951
1515496581810, -0.095768064, 4.213795, 1.7046716
1515496581830, 0.19153613, 4.548983, 1.9536686
1515496581850, 0.36391866, 5.257667, 3.0071173
1515496581870, 0.32561144, 6.6175733, 3.8977604
1515496581890, 0.36391866, 7.9104424, 4.213795
1515496581910, 0.20111294, 9.739613, 3.8019924
1515496581930, -0.22026655, 11.329363, 3.9360676
1515496581951, 0.21068975, 13.340492, 5.085284
1515496581970, 0.35434186, 13.388376, 6.129156
1515496581990, -1.1013328, 12.861651, 5.803545
1515496582010, -0.37349546, 17.381905, 6.742072
1515496582030, -1.0247183, 12.105083, 5.2768207
1515496582050, -2.4229321, 4.6926355, 3.6296098
1515496582070, -3.86903, 8.073248, -0.4405331
1515496582090, -1.8866309, 11.109096, 2.6431987
1515496582111, 0.50757074, 8.063671, -1.9536686
1515496582131, -0.22026655, 11.013328, -1.8291701
1515496582150, -0.21068975, 10.611102, -1.1683705
1515496582170, 0.93852705, 8.772355, 0.25857377
1515496582190, 1.2354081, 8.532935, 1.5610195
1515496582210, 0.6703765, 8.504205, 0.48841715
1515496582230, -0.10534488, 8.561666, 0.019153614
1515496582250, -0.076614454, 8.8777, 0.02873042
1515496582270, -0.39264908, 8.762778, 0.5267244
1515496582290, 0.15322891, 8.0445175, 0.32561144
1515496582312, 0.7661445, 7.6231384, -0.08619126
1515496582330, 0.10534488, 7.6135616, -0.7661445
1515496582350, 0.076614454, 7.3071036, -0.60333884
1515496582370, 0.18195933, 7.1251445, -0.047884032
1515496582390, 0.15322891, 7.335834, 0.37349546
1515496582412, 0.29688102, 7.651869, 0.30645782
1515496582430, 0.51714754, 8.283937, 0.05746084
1515496582450, 0.82360536, 9.662998, 0.08619126
1515496582471, 1.4939818, 11.33894, -0.45010993
1515496582490, 2.815581, 12.200851, 0.80445176
1515496582511, 2.9400797, 12.105083, 0.6703765
1515496582531, 1.7142484, 12.181698, 0.34476504
1515496582551, 0.6991069, 12.765883, -0.91937345
1515496582571, -0.7374141, 16.328455, -1.541866
1515496582591, -0.41180268, 14.317327, -1.1300632
1515496582611, 0.076614454, 13.378799, -3.763685
1515496582631, -0.8714894, 11.319786, -4.1371803
1515496582650, -1.7812861, 11.147403, -3.6008794
1515496582671, -3.7062242, 12.6222315, -2.4229321
1515496582691, -5.6215854, 13.417107, -1.7621324
1515496582711, -5.046977, 13.541605, 0.32561144
1515496582731, -3.016694, 13.9438305, 5.7269306
1515496582751, -1.3790601, 12.564771, 1.0630256
1515496582771, -0.91937345, 9.682152, -1.3120226
1515496582791, 0.61291564, 6.8761473, 0.48841715
1515496582811, 0.6607997, 6.3302693, 0.89064306
1515496582831, 0.9672575, 4.510676, 0.9768343
1515496582851, 0.45010993, 3.821146, 0.80445176
1515496582871, 0.30645782, 2.930503, 1.0151415
1515496582891, 0.37349546, 3.2561142, 1.3982137
1515496582911, 0.49799395, 3.8019924, 2.0494366
1515496582931, 0.47884035, 5.66947, 3.3518825
1515496582951, 0.37349546, 7.374141, 4.0222588
1515496582971, 0.641646, 8.532935, 4.903325
1515496582991, 0.7278373, 9.605537, 4.4915223
1515496583016, 0.90021986, 13.627796, 6.196194
1515496583030, 0.047884032, 15.179238, 7.5944076
1515496583050, -0.1436521, 10.5919485, 8.829816
1515496583071, 0.82360536, 8.437167, 6.14831
1515496583091, 0.47884035, 13.330915, 4.960786
1515496583111, -1.1109096, 11.080365, 3.2369606
1515496583131, -3.2082303, 13.982138, 1.2066777
1515496583151, -3.2561142, 15.887922, 2.2984335
1515496583170, -2.2505496, 8.868123, 2.0111294
1515496583191, -0.9576807, 8.39886, -0.17238252
1515496583211, 2.7581203, 6.655881, -3.4572272
1515496583231, 1.8770541, 7.9966335, -2.2601264
1515496583250, 1.982399, 8.360553, 0.39264908
1515496583271, 0.37349546, 10.726024, -0.50757074
1515496583291, -0.11492168, 11.549629, 0.41180268
1515496583311, 0.24899697, 10.132261, 1.1492168
1515496583331, -0.10534488, 8.331821, 1.2066777
1515496583351, -0.7086837, 6.6367273, 0.49799395
1515496583371, -1.340753, 5.133168, -0.33518824
1515496583391, -1.3311762, 4.8458643, -0.4213795
1515496583411, -0.50757074, 7.335834, -0.22026655
1515496583431, 0.08619126, 9.662998, 0.79487497
1515496583451, 0.9864111, 9.174581, 0.8714894
1515496583471, 1.4173675, 7.795521, -0.23942018
1515496583491, 0.58418524, 7.728483, -0.24899697
1515496583511, 0.047884032, 8.90643, -0.08619126
1515496583531, -0.019153614, 10.7356, -0.7565677
1515496583550, 1.2258313, 11.903971, -0.7757214
1515496583571, 1.7908629, 11.434708, -0.31603462
1515496583590, 1.3599066, 12.038046, 0.1340753
1515496583610, 1.2737153, 12.698846, 0.24899697
1515496583630, 0.62249243, 14.020445, -0.5363012
1515496583650, -0.37349546, 15.26543, 0.29688102
1515496583670, -0.24899697, 14.18325, -1.5897499
1515496583690, -0.6512229, 11.568783, -4.462792
1515496583711, -0.90021986, 9.844957, -5.0661306
1515496583731, -2.2601264, 11.013328, -3.8402996
1515496583750, -4.367024, 12.066776, -2.231396
1515496583771, -5.6407394, 13.283031, -0.7374141
1515496583791, -4.3861775, 14.12579, 1.5801731
1515496583811, -2.2026656, 13.790602, 5.803545
1515496583831, -0.8331822, 11.81778, 0.50757074
1515496583851, 0.038307227, 8.868123, -1.2258313
1515496583871, 0.8619126, 6.4643445, 0.20111294
1515496583891, 0.6799533, 6.349423, 0.2681506
1515496583911, 0.92895025, 4.1180267, 1.5227122
1515496583931, 0.2777274, 3.6774938, 0.61291564
1515496583951, 0.17238252, 3.5625722, 1.1492168
1515496583971, 0.12449849, 4.175488, 1.5705963
1515496583991, 0.16280572, 4.4723687, 2.030283
1515496584011, 0.31603462, 5.085284, 2.767697
1515496584031, 0.5267244, 6.7133417, 3.2273839
1515496584051, 0.9959879, 8.00621, 3.7828386
1515496584071, 1.2737153, 9.80665, 3.8881836
1515496584091, 0.9576807, 12.095507, 4.1276035
1515496584111, 0.94810385, 15.351622, 6.6079965
1515496584131, 1.0055647, 12.401965, 7.335834
1515496584151, 2.2697031, 8.925584, 8.255207
1515496584171, 2.4612393, 7.603985, 4.271256
1515496584191, 1.0726024, 14.700398, 3.0550013
1515496584211, -0.38307226, 14.020445, 2.3558946
1515496584231, -4.1659107, 12.497733, -0.5650316
1515496584251, -4.098873, 10.1226845, 1.4556746
1515496584271, -4.261679, 8.858546, 1.0247183
1515496584291, -1.8483237, 7.489063, -0.047884032
1515496584311, 0.095768064, 8.101978, -0.1436521
1515496584331, 1.3215994, 8.743625, 1.733402
1515496584351, 1.043872, 10.907983, -1.13964
1515496584371, 0.61291564, 10.352529, -0.25857377
1515496584391, 1.043872, 9.461885, 0.23942018
1515496584411, 0.46926352, 9.299079, 0.009576807
1515496584431, -0.6607997, 8.925584, 0.47884035
1515496584451, -0.7757214, 7.747637, 1.5035586
1515496584471, -1.2354081, 6.5984197, 0.45010993
1515496584491, -1.5610195, 6.0142345, -0.16280572
1515496584511, -1.043872, 6.5984197, -0.8523358
1515496584531, 0.6607997, 8.446744, -0.90021986
1515496584551, 0.9959879, 8.7053175, -0.47884035
1515496584571, 0.78529817, 8.341399, 0.45968673
1515496584591, -0.38307226, 9.040505, 1.4652514
1515496584611, -0.12449849, 10.400413, 0.12449849
1515496584631, 1.0726024, 11.319786, -0.6607997
1515496584650, 1.9536686, 10.984597, -0.32561144
1515496584671, 1.8770541, 12.066776, -0.31603462
1515496584691, 1.8387469, 13.101071, -1.4460979
1515496584711, 1.0821792, 15.217546, -2.327164
1515496584731, -0.1436521, 15.02601, -0.6991069
1515496584751, -0.545878, 14.269443, -0.45968673
1515496584771, -0.94810385, 12.459426, -1.3120226
1515496584791, -1.9728222, 10.04607, -1.9536686
1515496584811, -2.0398598, 9.528923, -1.3982137
1515496584831, -1.8004397, 10.716447, -3.1986535
1515496584851, -2.2601264, 12.095507, -3.1794999
1515496584871, -2.681506, 12.890382, -1.6472107
1515496584891, -2.6910827, 13.982138, 1.6663644
1515496584911, -1.6567876, 12.459426, 3.8498764
1515496584931, -1.685518, 10.0748005, -0.22026655
1515496584951, -0.35434186, 7.2687964, 1.3215994
1515496584971, 0.10534488, 6.7133417, 0.91937345
1515496584991, 0.7661445, 5.305551, 3.3518825
1515496585011, 0.7374141, 4.1371803, 0.8331822
1515496585031, 0.7182605, 3.2561142, 0.8714894
1515496585051, 0.41180268, 4.156334, 1.5897499
1515496585071, 0.60333884, 3.9552212, 1.6184803
1515496585091, 0.5363012, 4.5777135, 2.633622
1515496585111, 0.6512229, 5.995081, 4.1276035
1515496585131, 0.38307226, 7.73806, 4.3287168
1515496585151, -0.019153614, 9.883265, 4.7788267
1515496585171, -0.02873042, 10.869676, 4.807557
1515496585191, 0.25857377, 13.043611, 4.7979803
1515496585211, 0.11492168, 12.172121, 6.5696893
1515496585231, 0.6991069, 9.844957, 8.676587
1515496585251, 0.2777274, 11.63582, 4.6160207
1515496585271, 1.5514427, 17.84159, 4.807557
1515496585291, -2.7006595, 15.753847, 1.5610195
1515496585311, -4.7309427, 8.504205, 0.6703765
1515496585331, -3.8115692, 10.314221, 1.6950948
1515496585350, -0.7374141, 9.059659, 1.4077905
1515496585371, 2.078167, 8.255207, -3.3423057
1515496585391, 2.4229321, 9.346964, -1.7908629
1515496585411, 2.336741, 10.429143, 1.7621324
1515496585431, 1.091756, 10.773908, 0.6799533
1515496585451, 0.37349546, 11.386824, 0.48841715
1515496585471, -0.20111294, 10.218452, 1.5801731
1515496585491, -0.38307226, 8.39886, 1.5514427
1515496585511, -0.5554548, 6.83784, 0.60333884
1515496585531, -0.9576807, 5.4300494, -0.4309563
1515496585551, -1.4748282, 5.00867, -1.0726024
1515496585571, -1.5801731, 6.1100025, -1.3503298
1515496585591, -0.9576807, 7.8529816, -0.7757214
1515496585611, -0.50757074, 8.858546, -0.2777274
1515496585631, -0.49799395, 8.772355, 0.45968673
1515496585651, -1.0247183, 9.11712, 1.3694834
1515496585671, -0.63206923, 10.70687, 0.6512229
1515496585691, 1.2545617, 12.095507, -0.2681506
1515496585711, 2.480393, 12.210428, -0.038307227
1515496585730, 2.336741, 12.392388, 0.41180268
1515496585751, 1.4652514, 12.363658, 0.2777274
1515496585771, 1.0247183, 14.020445, -2.087744
1515496585791, -0.15322891, 15.150508, -0.24899697
1515496585811, 0.15322891, 14.250289, -3.7828386
1515496585831, -0.89064306, 11.683704, -4.10845
1515496585851, -1.7238252, 9.346964, -2.6431987
1515496585871, -3.0933087, 9.548077, -2.1452048
1515496585891, -4.309563, 11.262324, -2.2218192
1515496585911, -3.1986535, 12.354081, -0.8523358
1515496585931, -2.4708161, 14.049175, 2.0207062
1515496585951, -1.0247183, 12.98615, 5.209783
1515496585971, -0.9959879, 11.683704, 0.33518824
1515496585991, -1.0151415, 8.580819, -0.076614454
1515496586011, -0.46926352, 7.029376, 0.80445176
1515496586031, -0.1436521, 6.895301, 0.80445176
1515496586051, 0.4309563, 5.497087, 2.1547816
1515496586071, 0.81402856, 3.4093432, 0.82360536
1515496586091, 0.61291564, 3.1507695, 0.8714894
1515496586111, 0.25857377, 4.003105, 1.3503298
1515496586131, -0.34476504, 5.1235914, 2.078167
1515496586151, -0.58418524, 5.3821654, 2.8634653
1515496586171, -0.8523358, 6.5505357, 3.4476504
1515496586191, -0.6895301, 8.312668, 4.3287168
1515496586211, 0.545878, 10.189722, 4.5777135
1515496586231, 1.1204864, 12.018892, 4.3766007
1515496586251, 1.7142484, 14.81532, 6.0142345
1515496586271, 0.7374141, 12.210428, 7.6710224
1515496586291, 0.9864111, 9.452309, 7.9966335
1515496586311, 0.21068975, 12.708423, 5.2289367
1515496586331, 0.6607997, 16.51999, 4.644751
1515496586351, -2.8634653, 14.441825, 2.2697031
1515496586371, -3.8307228, 8.379706, 3.0550013
1515496586391, -4.012682, 6.7133417, 0.0
1515496586411, -1.982399, 10.0748005, 0.48841715
1515496586431, 0.16280572, 8.944737, -1.8387469
1515496586450, 1.4652514, 10.228029, -1.532289
1515496586471, 1.4173675, 10.25676, 0.46926352
1515496586491, 0.7565677, 9.490616, 0.50757074
1515496586511, 0.4213795, 9.337387, 1.043872
1515496586531, 0.48841715, 9.433155, 1.1779473
1515496586551, 0.50757074, 9.136273, 0.58418524
1515496586571, 0.25857377, 8.504205, 1.3982137
1515496586591, -0.23942018, 7.7189064, 0.6512229
1515496586610, -0.5746084, 6.531382, -0.009576807
1515496586631, -0.61291564, 6.38773, -0.19153613
1515496586651, 0.05746084, 7.52737, 0.2777274
1515496586671, 0.7086837, 8.504205, 0.93852705
1515496586691, 1.1013328, 8.686164, 0.79487497
1515496586711, 1.1779473, 8.274361, 0.59376204
1515496586731, 1.1971009, 8.944737, 0.9864111
1515496586751, 1.1300632, 9.643845, -0.641646
1515496586771, 1.532289, 10.697293, -0.6895301
1515496586791, 1.9632454, 10.658986, -0.49799395
1515496586811, 1.733402, 11.348516, -0.51714754
1515496586831, 1.9919758, 13.330915, 0.5554548
1515496586851, 1.6280571, 13.062764, 0.4213795
1515496586871, 0.9672575, 12.909535, -0.2681506
1515496586891, -0.1436521, 15.409082, -0.2873042
1515496586911, -0.5650316, 13.656527, -1.982399
1515496586931, -1.0821792, 12.727576, -4.7788267
1515496586951, -1.8866309, 10.840945, -3.466804
1515496586971, -2.6431987, 10.055647, -2.6144683
1515496586991, -3.083732, 10.812215, -1.4652514
1515496587011, -4.271256, 12.488156, -0.076614454
1515496587031, -3.8019924, 13.522451, 0.2777274
1515496587051, -0.80445176, 14.250289, 4.2999864
1515496587071, -0.22026655, 11.81778, 0.08619126
1515496587091, -0.4213795, 8.820239, -0.5363012
1515496587111, 0.38307226, 7.029376, 0.8714894
1515496587131, 1.1300632, 4.4340615, 3.9360676
1515496587151, 1.0151415, 4.0701427, 0.36391866
1515496587171, 0.7469909, 4.405331, 0.8331822
1515496587191, 0.45968673, 4.0797195, 1.3694834
1515496587211, 0.4309563, 4.1946416, 1.6759412
1515496587231, 0.31603462, 4.4340615, 2.4133554
1515496587251, 0.1436521, 4.8937483, 3.5242648
1515496587271, 0.24899697, 6.1100025, 3.7253778
1515496587291, 0.39264908, 7.4986396, 4.0892963
1515496587311, 0.51714754, 9.433155, 3.9360676
1515496587331, 0.4309563, 11.061212, 3.9360676
1515496587351, 0.31603462, 13.302185, 4.501099
1515496587371, 0.7182605, 13.2351465, 6.1195793
1515496587391, 1.292869, 12.612655, 9.844957
1515496587411, 2.4229321, 9.097966, 6.991069
1515496587431, 0.9864111, 14.010868, 3.5817258
1515496587451, -1.0055647, 15.006856, 1.6663644
1515496587471, -3.8786068, 11.109096, 1.4748282
1515496587491, -3.7349546, 9.184157, 1.9728222
1515496587511, -2.2697031, 8.6095495, 1.3790601
1515496587531, -0.1340753, 7.8529816, -0.41180268
1515496587551, 1.3120226, 9.078813, 1.1300632
1515496587571, 1.8004397, 9.921572, -0.9959879
1515496587591, 0.641646, 10.218452, -1.2449849
1515496587611, 0.2681506, 9.691729, 0.08619126
1515496587631, -0.17238252, 9.3661175, 0.8331822
1515496587651, -0.45010993, 8.916007, 0.32561144
1515496587671, -0.48841715, 8.303091, 1.0151415
1515496587692, -0.46926352, 7.422025, 0.82360536
1515496587711, -0.91937345, 6.5601125, 0.095768064
1515496587731, -0.9959879, 6.531382, -0.12449849
1515496587750, 0.019153614, 7.393295, -0.30645782
1515496587770, 0.63206923, 8.169016, 0.2777274
1515496587790, 0.8619126, 7.9487495, 0.11492168
1515496587811, 1.1683705, 7.690176, -0.18195933
1515496587831, 0.60333884, 8.552089, 0.49799395
1515496587851, 0.31603462, 9.921572, 0.9959879
1515496587871, 0.80445176, 11.099519, -0.82360536
1515496587891, 2.72939, 10.879252, -0.49799395
1515496587911, 2.767697, 11.827356, -0.06703765
1515496587931, 2.183512, 12.976573, 0.38307226
1515496587950, 1.0821792, 13.072341, -0.1436521
1515496587971, -0.46926352, 15.734694, -1.1971009
1515496587991, -0.20111294, 14.116213, 0.4213795
1515496588011, 0.30645782, 13.273455, -3.86903
1515496588031, -0.076614454, 11.741165, -4.0414124
1515496588051, -1.2354081, 9.787497, -4.2521024
1515496588071, -2.6144683, 10.764331, -3.1316159
1515496588091, -4.865018, 12.488156, -1.283292
1515496588111, -5.1906295, 13.67568, -0.49799395
1515496588131, -3.5625722, 14.930242, 3.9264908
1515496588151, -1.3024458, 13.934254, 3.7924154
1515496588171, -1.091756, 10.160992, -0.9768343
1515496588191, 0.12449849, 7.6135616, 0.06703765
1515496588211, 0.6512229, 7.1251445, 1.3120226
1515496588231, 1.436521, 4.6160207, 3.620033
1515496588251, 1.043872, 4.060566, 0.2681506
1515496588271, 0.5363012, 3.3997664, 0.9768343
1515496588291, 0.18195933, 3.6487634, 1.388637
1515496588311, 0.22026655, 4.156334, 1.8579005
1515496588331, 0.45968673, 4.7500963, 2.5761611
1515496588350, 0.6512229, 6.1100025, 2.9879637
1515496588371, 0.7757214, 7.642292, 3.4763808
1515496588391, 1.0726024, 9.662998, 4.012682
1515496588411, 0.8810662, 11.291056, 4.357447
1515496588431, 0.37349546, 14.058752, 4.5777135
1515496588451, 0.18195933, 12.890382, 6.5026517
1515496588471, 1.043872, 11.262324, 9.030929
1515496588491, 0.6895301, 10.208876, 4.596867
1515496588511, 1.8004397, 16.634912, 4.999093
1515496588531, -3.7062242, 15.121778, 0.9672575
1515496588551, -3.763685, 10.773908, 1.8483237
1515496588571, -3.1316159, 7.240066, 1.7908629
1515496588591, -2.0973208, 9.595961, -0.4213795
1515496588611, 0.1436521, 9.308656, -0.40222588
1515496588631, 1.6759412, 9.634268, -0.91937345
1515496588651, 1.3503298, 9.883265, 0.6991069
1515496588671, 0.5554548, 9.433155, 0.6703765
1515496588691, -0.08619126, 9.902418, 0.47884035
1515496588711, -0.08619126, 10.04607, 0.24899697
1515496588731, 0.29688102, 8.848969, 0.7565677
1515496588751, -0.08619126, 7.73806, 0.37349546
1515496588771, -0.63206923, 6.2823853, -0.40222588
1515496588791, -1.1204864, 5.1140146, -0.7374141
1515496588811, -1.0342951, 5.995081, -1.0055647
1515496588831, -0.15322891, 7.9966335, -0.6703765
1515496588851, 0.9864111, 9.165004, 1.043872
1515496588871, 0.90979666, 9.011775, 1.1204864
1515496588891, 0.9768343, 7.967903, -0.22984336
1515496588911, 0.63206923, 7.6231384, -0.12449849
1515496588931, 0.80445176, 9.251195, -0.6703765
1515496588951, 1.5897499, 11.377247, -0.91937345
1515496588971, 2.2984335, 11.769896, -0.30645782
1515496588991, 1.9057846, 12.095507, -0.1340753
1515496589011, 1.6089035, 12.258312, 0.32561144
1515496589031, 0.9864111, 12.5743475, 0.50757074
1515496589051, -0.4405331, 15.773001, -2.480393
1515496589071, -0.89064306, 14.144943, 0.41180268
1515496589091, 1.1109096, 11.999739, -4.2904096
1515496589111, 0.32561144, 10.381259, -4.817134
1515496589131, -0.9576807, 10.036493, -5.0182467
1515496589151, -3.763685, 13.761871, -2.183512
1515496589171, -5.171476, 15.524004, 0.23942018
1515496589191, -5.2002063, 15.351622, 4.596867
1515496589211, -2.7964275, 14.920665, 3.4859576
1515496589231, -1.6950948, 10.04607, 0.095768064
1515496589251, 0.16280572, 7.9008656, -0.29688102
1515496589271, 0.8331822, 7.603985, 1.2545617
1515496589291, 1.7812861, 4.5298295, 3.4476504
1515496589311, 1.0151415, 4.5202527, 0.12449849
1515496589331, 0.62249243, 4.213795, 0.34476504
1515496589351, 0.22026655, 4.261679, 1.0342951
1515496589371, -0.1436521, 4.510676, 1.5897499
1515496589391, -0.22984336, 4.596867, 2.0207062
1515496589411, -0.12449849, 4.596867, 2.2505496
1515496589431, 0.22984336, 6.244078, 2.7964275
1515496589451, 0.94810385, 7.1826053, 3.3997664
1515496589471, 1.5705963, 8.944737, 3.4859576
1515496589491, 1.6089035, 11.587936, 3.4380736
1515496589511, 1.091756, 13.781025, 4.3861775
1515496589531, 0.9768343, 13.273455, 4.9416323
1515496589551, 0.21068975, 13.024457, 5.851429
1515496589571, 0.30645782, 14.738706, 4.3766007
1515496589591, -1.1492168, 14.231135, 2.9592333
1515496589611, -2.930503, 12.880805, 2.0398598
1515496589631, -3.1603463, 9.77792, 1.4748282
1515496589651, -2.681506, 8.494628, 1.2354081
1515496589671, -1.0821792, 8.293514, 0.10534488
1515496589691, 1.2162545, 7.642292, -1.7621324
1515496589711, 1.6950948, 9.337387, -1.8387469
1515496589731, 1.3311762, 9.3661175, 0.2873042
1515496589750, 0.39264908, 9.528923, -0.095768064
1515496589771, -0.095768064, 10.553641, 0.23942018
1515496589791, -0.20111294, 10.534488, 1.2162545
1515496589811, -0.12449849, 9.710882, 0.8619126
1515496589831, -0.22984336, 8.331821, 1.0342951
1515496589851, -0.36391866, 6.799533, 0.25857377
1515496589871, -0.49799395, 6.1195793, -0.45010993
1515496589891, -0.4213795, 6.579266, -0.9959879
1515496589911, -0.1436521, 7.8912888, -0.7278373
1515496589931, 0.58418524, 8.465898, -0.24899697
1515496589951, 0.8331822, 8.322245, 0.49799395
1515496589971, 0.5363012, 7.335834, 0.29688102
1515496589991, 0.6703765, 8.063671, 0.4309563
1515496590011, 1.1587936, 9.662998, 0.0
1515496590031, 1.9249382, 10.984597, -1.1587936
1515496590051, 2.566584, 11.520899, -0.82360536
1515496590071, 2.5570073, 11.597513, -0.7374141
1515496590091, 1.982399, 11.856087, -0.21068975
1515496590111, 0.91937345, 12.344504, -0.5363012
1515496590131, -0.59376204, 15.198392, -1.6089035
1515496590151, -0.9576807, 14.365211, -0.60333884
1515496590171, 0.095768064, 13.522451, -3.8402996
1515496590191, -1.1683705, 11.233594, -4.2042184
1515496590211, -2.0973208, 9.969456, -2.6527755
1515496590231, -3.821146, 10.611102, -2.0207062
1515496590251, -5.133168, 13.062764, -0.6895301
1515496590271, -4.2904096, 14.298173, 0.50757074
1515496590291, -3.0454245, 14.777013, 1.934515
1515496590311, -1.3790601, 13.809755, 2.5761611
1515496590331, -1.1300632, 11.482592, 0.641646
1515496590351, -0.20111294, 8.810662, 0.59376204
1515496590371, 0.37349546, 7.441179, 1.2737153
1515496590391, 0.11492168, 6.2728086, -0.05746084
1515496590411, 0.82360536, 3.3614593, 3.064578
1515496590431, 0.545878, 1.9249382, 0.35434186
1515496590451, 0.4213795, 2.5761611, 1.13964
1515496590471, 0.41180268, 3.9552212, 1.7142484
1515496590491, 0.4309563, 4.501099, 1.9536686
1515496590511, 0.45968673, 5.4300494, 2.7581203
1515496590531, 0.6991069, 7.383718, 3.323152
1515496590551, 0.9768343, 9.356541, 4.012682
1515496590571, 0.81402856, 11.310209, 4.414908
1515496590591, -0.29688102, 13.196839, 4.606444
1515496590611, 0.21068975, 14.231135, 6.847417
1515496590631, 0.20111294, 10.984597, 8.00621
1515496590651, 1.292869, 8.197746, 7.192182
1515496590671, 0.63206923, 13.493721, 4.003105
1515496590691, 1.5610195, 16.721106, 3.7062242
1515496590711, -4.8267107, 15.322891, 0.82360536
1515496590731, -4.501099, 8.992621, 1.9153614
1515496590751, -3.3614593, 7.795521, 1.3120226
1515496590771, -1.0055647, 8.66701, 0.038307227
1515496590791, 1.4939818, 8.0445175, -1.8770541
1515496590811, 2.5091233, 10.151415, 0.0
1515496590831, 1.1204864, 10.505757, 0.18195933
1515496590851, 0.5363012, 10.802638, 0.59376204
1515496590871, 0.16280572, 10.70687, 0.79487497
1515496590891, -0.009576807, 9.3661175, 0.8810662
1515496590911, -0.24899697, 8.121132, 0.82360536
1515496590931, -0.5746084, 6.895301, 0.25857377
1515496590951, -0.62249243, 5.889736, -0.5554548
1515496590971, -0.79487497, 6.1004257, -1.1492168
1515496590991, -0.40222588, 7.0581064, -1.283292
1515496591011, 0.45968673, 7.881712, -0.20111294
1515496591031, 0.82360536, 7.9583263, 0.21068975
1515496591051, 0.48841715, 8.00621, 0.4213795
1515496591071, 0.18195933, 7.690176, 1.2641385
1515496591091, 0.5650316, 8.207323, 0.4405331
1515496591111, 1.7142484, 10.266336, -0.7278373
1515496591131, 3.122039, 12.181698, -0.18195933
1515496591151, 2.9783869, 12.08593, 0.095768064
1515496591171, 2.0590134, 11.511322, -0.19153613
1515496591191, 1.4939818, 11.779472, 0.82360536
1515496591211, 0.59376204, 12.995727, 0.58418524
1515496591231, -0.8714894, 14.192827, 0.40222588
1515496591250, 0.45968673, 11.63582, -3.9552212
1515496591271, 0.545878, 10.821792, -4.759673
1515496591291, -1.4652514, 10.716447, -4.673482
1515496591311, -3.6104562, 12.583924, -4.8937483
1515496591331, -4.673482, 15.485697, -0.9959879
1515496591351, -4.223372, 16.721106, 2.3175871
1515496591371, -2.3080103, 15.150508, 6.7612257
1515496591391, -1.283292, 12.334928, 0.842759
1515496591411, -0.25857377, 9.356541, 0.6895301
1515496591431, 1.3599066, 8.7053175, 1.3311762
1515496591451, 1.1300632, 7.536947, 0.40222588
1515496591471, 1.9249382, 3.6966474, 1.6663644
1515496591490, 0.63206923, 3.7253778, 0.41180268
1515496591511, 0.5650316, 3.3997664, 0.7374141
1515496591531, 0.51714754, 3.3518825, 1.0630256
1515496591551, 0.5554548, 3.3327289, 1.4556746
1515496591572, 0.31603462, 4.1371803, 2.2984335
1515496591591, 0.4213795, 5.363012, 2.4995465
1515496591611, 0.35434186, 7.4986396, 3.016694
1515496591631, 0.15322891, 9.56723, 2.7485435
1515496591651, -0.61291564, 14.997279, 5.583278
1515496591671, 0.49799395, 12.899959, 5.66947
1515496591691, 0.2873042, 9.825804, 7.0485296
1515496591711, 0.15322891, 14.250289, 4.654328
1515496591731, -0.047884032, 16.232687, 2.1452048
1515496591751, -3.1794999, 17.180792, 0.91937345
1515496591770, -2.8060043, 9.624691, 4.060566
1515496591791, -3.2848446, 7.3166804, 0.90979666
1515496591811, -1.2066777, 9.77792, 1.2162545
1515496591831, 0.9768343, 7.920019, -1.3503298
1515496591850, 1.5131354, 9.337387, -1.9153614
1515496591871, 1.1683705, 9.605537, -0.842759
1515496591891, 0.41180268, 8.2169, 0.41180268
1515496591911, 0.2873042, 11.300632, 1.1587936
1515496591931, 0.92895025, 12.899959, 2.8921957
1515496591951, 0.02873042, 9.155427, 1.0726024
1515496591971, -0.25857377, 7.335834, 0.12449849
1515496591991, -0.93852705, 6.4068837, 0.19153613
1515496592011, -1.1300632, 6.646304, 0.019153614
1515496592031, -0.63206923, 7.728483, 0.45010993
1515496592051, 0.12449849, 8.781932, 0.4309563
1515496592071, 1.8866309, 8.24563, 0.076614454
1515496592091, 1.6089035, 7.7572136, 0.5554548
1515496592111, 1.2545617, 7.642292, 1.13964
1515496592131, 1.5035586, 8.082825, 1.8483237
1515496592151, 1.7812861, 8.839393, 1.4556746
1515496592171, 1.9632454, 9.940725, 0.4309563
1515496592191, 1.934515, 10.46745, -0.21068975
1515496592211, 1.3982137, 10.754754, 0.45010993
1515496592231, 0.5746084, 11.683704, 1.1779473
1515496592251, 0.29688102, 13.283031, -0.7565677
1515496592271, -0.641646, 14.796166, 0.40222588
1515496592291, -0.89064306, 13.8480625, -1.5705963
1515496592311, -0.39264908, 12.660539, -2.384625
1515496592331, -1.3503298, 12.172121, -4.759673
1515496592350, -2.6048915, 12.957419, -4.232949
1515496592370, -4.098873, 13.417107, -2.3750482
1515496592391, -5.00867, 13.8480625, -0.36391866
1515496592410, -3.6487634, 13.867216, 4.8841715
1515496592431, -1.6950948, 13.8480625, 3.169923
1515496592451, -0.6895301, 10.333375, -0.076614454
1515496592470, 0.23942018, 8.025364, 0.34476504
1515496592491, 0.18195933, 6.694188, 0.50757074
1515496592511, 0.63206923, 4.6255975, 1.6759412
1515496592531, 0.39264908, 3.763685, 0.45968673
1515496592551, 0.17238252, 3.1507695, 0.9864111
1515496592571, -0.06703765, 3.6296098, 1.5610195
1515496592592, -0.06703765, 4.098873, 1.8579005
1515496592611, 0.16280572, 5.305551, 2.6623523
1515496592631, 0.38307226, 6.38773, 3.2082303
1515496592651, 0.45010993, 7.7667904, 3.8402996
1515496592671, 0.18195933, 9.165004, 4.721366
1515496592691, -0.1436521, 10.151415, 4.960786
1515496592711, -1.0247183, 13.627796, 5.544971
1515496592731, -1.2162545, 13.704411, 5.6120086
1515496592751, -0.89064306, 10.132261, 7.1730285
1515496592771, -1.5993267, 10.477027, 5.161899
1515496592791, -1.2066777, 15.667656, 3.2465374
1515496592811, -2.5378537, 17.535133, 2.7964275
1515496592831, -4.501099, 12.191275, 2.6144683
1515496592851, -2.1547816, 5.803545, 2.1452048
1515496592872, -2.327164, 8.101978, -1.7812861
1515496592891, -0.6703765, 10.46745, -0.45010993
1515496592911, 1.043872, 10.764331, -0.9768343
1515496592931, 0.7374141, 9.730036, -0.2873042
1515496592951, 0.63206923, 9.911995, 3.3901896
1515496592971, 0.4309563, 10.927136, 0.47884035
1515496592991, -0.076614454, 10.936713, 0.06703765
1515496593011, 0.047884032, 9.097966, 0.5650316
1515496593032, -0.05746084, 7.9966335, 0.80445176
1515496593051, -0.7757214, 6.885724, 0.2681506
1515496593071, -0.8331822, 5.995081, -0.29688102
1515496593091, -0.8619126, 5.9663506, -0.7661445
1515496593111, -0.37349546, 7.1826053, -1.0342951
1515496593131, 0.7278373, 7.843405, -0.5554548
1515496593151, 1.1204864, 7.824251, 0.076614454
1515496593170, 0.6703765, 7.5082164, 0.62249243
1515496593191, 0.45010993, 7.1155677, 1.292869
1515496593211, 0.7565677, 7.9966335, 0.50757074
1515496593231, 1.4748282, 9.653421, -0.9864111
1515496593251, 2.6527755, 11.36767, -0.5267244
1515496593271, 3.3518825, 11.932701, 0.7086837
1515496593291, 3.0933087, 11.3964, 0.49799395
1515496593311, 2.5378537, 11.57836, 0.8331822
1515496593331, 0.8619126, 13.512875, -2.030283
1515496593352, -1.8962077, 16.108189, -0.22026655
1515496593371, -0.2681506, 13.034034, -2.6910827
1515496593391, -0.47884035, 11.760319, -4.3287168
1515496593411, -2.0685902, 10.745177, -3.572149
1515496593431, -4.185065, 12.258312, -3.3806129
1515496593451, -5.0374002, 15.619772, -1.1013328
1515496593471, -3.7828386, 16.82645, 1.9536686
1515496593491, -1.1683705, 15.456966, 5.209783
1515496593511, -0.2873042, 13.608643, 1.1875241
1515496593531, 0.10534488, 9.768343, 1.0821792
1515496593551, 0.6512229, 8.054094, 1.1300632
1515496593571, 1.9536686, 4.1946416, 4.462792
1515496593591, 0.81402856, 4.673482, 0.60333884
1515496593611, 0.46926352, 4.156334, 1.0534488
1515496593631, 0.93852705, 2.6910827, 0.6895301
1515496593651, 0.89064306, 2.8443117, 1.2641385
1515496593671, 1.3024458, 2.882619, 1.8866309
1515496593691, 1.4652514, 4.501099, 3.1986535
1515496593711, 1.7238252, 5.93762, 2.930503
1515496593731, 1.8962077, 8.025364, 4.309563
1515496593751, 0.63206923, 10.180145, 3.4476504
1515496593772, -0.90021986, 14.288596, 5.209783
1515496593791, -1.685518, 13.034034, 6.8569937
1515496593811, -1.5035586, 13.330915, 6.742072
1515496593831, -0.842759, 15.610195, 3.8402996
1515496593851, 0.6799533, 17.946936, 4.8267107
1515496593870, -2.4516625, 10.160992, 4.0892963
1515496593891, -2.681506, 5.21936, 2.719813
1515496593911, -0.81402856, 11.21444, 0.6607997
1515496593931, 1.9153614, 9.576807, -0.91937345
1515496593951, 2.0973208, 10.113108, -2.2409728
1515496593971, 1.8100165, 9.126697, -1.5035586
1515496593991, 1.5705963, 8.456321, 1.3120226
1515496594011, 0.8714894, 9.730036, 0.58418524
1515496594031, -0.047884032, 11.070788, 0.7565677
1515496594051, -0.1340753, 10.04607, 1.733402
1515496594070, -0.20111294, 8.647857, 1.6184803
1515496594091, -0.49799395, 7.479486, 0.45968673
1515496594111, -0.6512229, 6.483498, 0.095768064
1515496594131, -0.7469909, 6.1195793, -0.80445176
1515496594151, -0.7086837, 6.655881, -1.1587936
1515496594171, 0.2777274, 6.9048777, -0.45968673
1515496594191, 0.15322891, 7.192182, -0.2681506
1515496594211, -0.45010993, 7.5082164, 0.545878
1515496594231, -0.34476504, 7.929596, 0.842759
1515496594251, 0.6703765, 9.509769, -0.51714754
1515496594271, 1.7812861, 11.808203, -1.8387469
1515496594291, 2.1164744, 12.248735, 0.18195933
1515496594311, 2.5474305, 11.57836, -0.33518824
1515496594331, 2.6240451, 12.74673, 0.49799395
1515496594351, 2.0494366, 12.890382, 1.13964
1515496594371, 0.41180268, 15.95496, -2.566584
1515496594391, -1.8004397, 14.681245, -1.7429788
1515496594411, -0.047884032, 12.248735, -4.0892963
1515496594431, -0.79487497, 11.530476, -3.7828386
1515496594451, -2.1930888, 10.563218, -2.327164
1515496594471, -3.6487634, 12.459426, -2.566584
1515496594491, -4.8745947, 15.648502, -1.4748282
1515496594511, -4.5394063, 16.270994, 1.0342951
1515496594531, -2.1068976, 15.1696615, 4.8937483
1515496594551, -1.934515, 12.315774, 1.2641385
1515496594571, -1.388637, 10.1226845, 0.32561144
1515496594592, 0.2681506, 7.6710224, 1.8866309
1515496594610, 0.6512229, 5.046977, 0.7278373
1515496594631, 0.6991069, 4.5298295, 0.12449849
1515496594651, 0.79487497, 3.916914, 0.79487497
1515496594671, 0.6991069, 3.572149, 0.842759
1515496594691, 0.4405331, 3.8402996, 1.5035586
1515496594711, 0.641646, 3.9360676, 2.1164744
1515496594731, 0.842759, 4.510676, 2.8538885
1515496594751, 0.9768343, 5.851429, 3.265691
1515496594771, 1.3215994, 6.9719152, 4.0414124
1515496594791, 1.1971009, 8.772355, 3.763685
1515496594811, 0.50757074, 11.425131, 3.9552212
1515496594831, 0.0, 14.824897, 5.8801594
1515496594851, -0.08619126, 12.852075, 7.9391727
1515496594871, 0.2873042, 9.3182335, 8.686164
1515496594890, 0.19153613, 13.953407, 4.050989
1515496594910, 1.1492168, 15.361198, 6.2823853
1515496594930, -4.367024, 11.597513, 0.19153613
1515496594951, -3.2848446, 11.358093, 3.9360676
1515496594970, -3.1028855, 9.002198, 1.4652514
1515496594991, -2.1260512, 11.789049, -0.16280572
1515496595011, 1.7908629, 8.437167, -1.8195933
1515496595031, 0.6895301, 9.251195, -1.3982137
1515496595051, 1.2737153, 8.580819, 0.7757214
1515496595071, 1.1683705, 8.331821, 1.1875241
1515496595091, 0.90021986, 9.241618, 0.4309563
1515496595111, 0.641646, 10.141838, 0.02873042
1515496595131, -0.22026655, 9.911995, 0.58418524
1515496595151, -0.29688102, 8.561666, 1.6567876
1515496595171, -0.5267244, 7.0581064, 1.0534488
1515496595191, -0.79487497, 6.2345014, 0.17238252
1515496595211, -0.62249243, 6.5696893, -0.48841715
1515496595231, -0.08619126, 7.5082164, -0.37349546
1515496595251, 0.5363012, 8.197746, 0.31603462
1515496595271, 0.9768343, 8.39886, 0.45968673
1515496595291, 1.1204864, 8.379706, 0.30645782
1515496595311, 0.9768343, 8.973468, -0.45968673
1515496595331, 0.78529817, 9.3182335, -0.4309563
1515496595351, -0.009576807, 9.825804, -0.7374141
1515496595371, 0.6703765, 10.869676, -1.292869
1515496595391, 1.1875241, 11.15698, -0.05746084
1515496595411, 0.82360536, 11.750742, 0.35434186
1515496595431, 0.8714894, 13.350069, 0.2777274
1515496595451, 0.8619126, 13.733141, -0.58418524
1515496595471, 0.45010993, 15.993267, -1.4939818
1515496595491, 0.22026655, 13.005303, -1.5897499
1515496595511, 0.10534488, 12.966996, -3.2369606
1515496595531, -0.5363012, 10.601525, -3.0262709
1515496595551, -1.5610195, 8.532935, -2.2218192
1515496595571, -2.1164744, 9.088389, -2.0207062
1515496595591, -3.0550013, 11.84651, -2.4133554
1515496595611, -3.217807, 13.321339, -1.2449849
1515496595631, -2.7389667, 14.374787, 0.90979666
1515496595651, -1.436521, 14.30775, 5.410896
1515496595671, -2.078167, 11.444284, -0.39264908
1515496595691, -0.6991069, 8.350976, -0.095768064
1515496595711, 0.2777274, 6.6654577, 0.81402856
1515496595731, 1.541866, 5.851429, 3.6583402
1515496595751, 1.5227122, 5.1810527, 0.38307226
1515496595771, 0.9576807, 4.453215, 0.29688102
1515496595791, 0.4213795, 4.213795, 0.94810385
1515496595811, 0.12449849, 3.8307228, 1.8866309
1515496595831, 0.31603462, 3.86903, 2.6527755
1515496595851, 0.23942018, 5.93762, 3.466804
1515496595871, 0.32561144, 7.2592196, 3.86903
1515496595891, 0.82360536, 8.360553, 4.1659107
1515496595911, 1.292869, 9.730036, 3.5913026
1515496595931, 1.6663644, 12.038046, 4.5394063
1515496595951, 1.2545617, 14.144943, 5.995081
1515496595971, 1.5035586, 12.660539, 6.215348
1515496595991, 1.0726024, 9.279925, 6.655881
1515496596011, -0.095768064, 12.727576, 5.7748146
1515496596031, 1.8674773, 17.06587, 7.431602
1515496596051, -2.5378537, 12.449849, 3.1411927
1515496596071, -3.3806129, 8.724471, 2.0590134
1515496596091, -3.1507695, 8.015787, 0.6895301
1515496596111, -1.6759412, 9.624691, -0.009576807
1515496596131, -0.842759, 9.643845, 0.33518824
1515496596151, 0.82360536, 10.563218, -0.6799533
1515496596171, 1.4077905, 10.448297, -0.35434186
1515496596191, 1.0247183, 9.299079, 1.0247183
1515496596210, 0.641646, 8.695741, 0.6895301
1515496596231, 0.37349546, 8.523358, 0.90021986
1515496596250, -0.63206923, 7.8912888, 1.3790601
1515496596271, -0.31603462, 7.3166804, 0.5554548
1515496596291, -0.30645782, 7.728483, 0.2681506
1515496596311, -0.29688102, 8.1881695, 0.45968673
1515496596331, 0.18195933, 7.967903, 0.21068975
1515496596351, 0.33518824, 7.469909, 0.08619126
1515496596371, 0.5554548, 6.9240313, -0.10534488
1515496596391, 0.82360536, 6.981492, -0.12449849
1515496596410, 1.0247183, 8.034941, -0.7565677
1515496596431, 0.51714754, 8.7532015, -0.076614454
1515496596450, 0.24899697, 9.80665, -0.076614454
1515496596471, 0.7182605, 11.425131, -1.1013328
1515496596491, 1.934515, 11.664551, -0.17238252
1515496596511, 1.6950948, 12.555194, 0.21068975
1515496596531, 1.3215994, 12.861651, -0.1340753
1515496596551, 0.20111294, 13.982138, -1.7142484
1515496596570, -1.436521, 17.056293, -0.38307226
1515496596591, -0.46926352, 14.15452, -0.7182605
1515496596610, -0.10534488, 12.5743475, -3.3901896
1515496596631, -0.9576807, 10.266336, -3.2082303
1515496596651, -1.4748282, 9.385271, -2.7964275
1515496596671, -3.3135753, 11.482592, -3.016694
1515496596691, -3.8594532, 12.842498, -1.1013328
1515496596711, -3.217807, 14.489709, 3.4284968
1515496596731, -1.388637, 15.121778, 4.2904096
1515496596751, -1.7717092, 11.693281, -0.5267244
1515496596770, -0.842759, 7.7093296, 0.47884035
1515496596791, 0.2873042, 4.999093, 3.2561142
1515496596811, 0.8714894, 4.759673, 0.5650316
1515496596831, 0.8523358, 4.7022123, 0.60333884
1515496596851, 0.41180268, 4.4244847, 1.0534488
1515496596871, 0.25857377, 3.7349546, 1.5705963
1515496596891, 0.11492168, 4.1659107, 2.4612393
1515496596911, 0.45010993, 4.453215, 2.873042
1515496596931, 0.50757074, 6.5505357, 3.5338416
1515496596951, 0.51714754, 8.207323, 3.9264908
1515496596970, 0.5554548, 10.28549, 4.223372
1515496596991, 0.7182605, 12.210428, 4.7309427
1515496597010, 1.4748282, 14.60463, 6.0525417
1515496597031, 1.8387469, 11.492168, 5.592855
1515496597051, 2.2505496, 9.184157, 7.393295
1515496597071, 3.3614593, 7.0964136, 5.7365074
1515496597091, 0.5554548, 15.20797, 3.8594532
1515496597111, -1.436521, 14.882358, 4.060566
1515496597131, -4.156334, 12.698846, 1.4173675
1515496597151, -4.807557, 7.07726, 1.5035586
1515496597171, -3.514688, 7.6135616, 0.9864111
1515496597191, -0.48841715, 7.4603324, -1.1300632
1515496597211, 0.60333884, 8.743625, -1.1204864
1515496597231, 1.1492168, 10.658986, -0.6991069
1515496597251, 1.091756, 11.061212, 2.0015526
1515496597271, 1.340753, 9.835381, 1.292869
1515496597291, 1.2258313, 9.270349, 0.9672575
1515496597311, 0.32561144, 8.24563, 1.1492168
1515496597331, 0.29688102, 7.0581064, 0.92895025
1515496597351, -0.038307227, 6.0716953, 0.7757214
1515496597371, -0.6512229, 6.081272, 0.33518824
1515496597391, -0.50757074, 7.07726, 0.02873042
1515496597411, -0.076614454, 8.082825, 0.08619126
1515496597431, 0.6991069, 7.9391727, 0.58418524
1515496597450, 1.2641385, 7.632715, 0.45010993
1515496597471, 1.4652514, 7.776367, 0.095768064
1515496597491, 1.4173675, 8.197746, 0.4405331
1515496597511, 1.4460979, 9.136273, -0.2681506
1515496597531, 1.2737153, 10.601525, -1.733402
1515496597551, 1.6950948, 11.243171, -1.0726024
1515496597571, 1.340753, 12.200851, 0.038307227
1515496597590, 0.35434186, 13.148955, 1.0630256
1515496597611, -0.41180268, 13.072341, -0.009576807
1515496597631, -1.436521, 16.941372, -2.9975405
1515496597651, -0.8331822, 13.67568, 0.38307226
1515496597671, 0.7469909, 12.679692, -4.4340615
1515496597691, -1.0247183, 11.33894, -4.098873
1515496597711, -1.7621324, 10.601525, -2.7581203
1515496597731, -2.7964275, 11.693281, -3.6104562
1515496597751, -3.8786068, 13.101071, -1.6184803
1515496597771, -3.964798, 13.627796, 0.12449849
1515496597791, -2.3654714, 14.144943, 6.1195793
1515496597811, -1.3503298, 12.11466, 2.2218192
1515496597831, -1.0342951, 9.002198, -0.9864111
1515496597851, -0.5650316, 6.5601125, 0.7278373
1515496597871, -0.545878, 5.746084, 0.34476504
1515496597891, 0.1436521, 4.280833, 0.8331822
1515496597911, -0.10534488, 5.3247046, 1.0055647
1515496597931, -0.11492168, 4.855441, 1.5610195
1515496597951, 0.35434186, 4.1371803, 1.7429788
1515496597971, 0.34476504, 4.10845, 2.5187001
1515496597990, 0.41180268, 6.205771, 3.3518825
1515496598012, 0.90021986, 7.441179, 3.86903
1515496598031, 1.388637, 8.283937, 4.414908
1515496598051, 1.6663644, 10.055647, 4.3478703
1515496598071, 1.2449849, 13.206416, 4.548983
1515496598091, 0.7374141, 14.60463, 5.6982
1515496598111, 0.2681506, 11.492168, 8.073248
1515496598131, -0.92895025, 12.976573, 6.2823853
1515496598151, 1.6759412, 16.548721, 6.5696893
1515496598171, -3.7924154, 14.5088625, -0.038307227
1515496598191, -4.5394063, 11.894394, 1.283292
1515496598211, -3.0071173, 6.7133417, 2.1930888
1515496598231, -1.1204864, 7.833828, 0.63206923
1515496598251, 0.9672575, 7.4986396, -1.3024458
1515496598271, 1.8674773, 9.030929, -1.4269443
1515496598291, 1.8004397, 9.586384, 0.8523358
1515496598311, 1.0151415, 9.500193, 0.30645782
1515496598331, 1.2545617, 10.0269165, -0.46926352
1515496598351, 0.4405331, 9.825804, 0.5267244
1515496598370, -0.6607997, 8.676587, 0.91937345
1515496598391, -1.2449849, 7.3166804, 0.7661445
1515496598411, -1.5610195, 5.861006, 0.11492168
1515496598431, -1.3790601, 5.90889, -0.45010993
1515496598455, -0.8810662, 7.5848308, -0.21068975
1515496598471, 0.7182605, 8.676587, 0.50757074
1515496598491, 1.2641385, 8.446744, 0.6991069
1515496598511, 1.091756, 8.178593, 0.48841715
1515496598531, 0.58418524, 8.42759, 0.6512229
1515496598551, 0.34476504, 9.212888, 0.37349546
1515496598570, 0.21068975, 10.419566, -0.48841715
1515496598591, 0.81402856, 10.984597, -0.7565677
1515496598611, 1.9632454, 11.932701, -0.6512229
1515496598631, 2.0207062, 12.919112, 0.7565677
1515496598651, 1.2545617, 13.034034, -0.1436521
1515496598671, -0.2777274, 15.2367, -2.2122424
1515496598691, -0.9864111, 13.800179, -0.1436521
1515496598711, -0.17238252, 13.713987, -2.2984335
1515496598731, -1.2641385, 11.654974, -2.8921957
1515496598751, -2.3175871, 9.404425, -2.6048915
1515496598771, -3.1890767, 10.7356, -2.9879637
1515496598791, -3.4476504, 12.191275, -1.436521
1515496598811, -3.5051112, 13.551182, -0.2777274
1515496598831, -2.4899697, 14.384364, 5.583278
1515496598851, -1.5131354, 13.273455, 2.5474305
1515496598871, -0.7757214, 10.084377, 0.2681506
1515496598891, -0.095768064, 7.9104424, 1.283292
1515496598911, 0.50757074, 4.76925, 3.083732
1515496598931, 0.41180268, 4.012682, 0.35434186
1515496598951, 0.39264908, 4.060566, 0.8619126
1515496598971, 0.41180268, 3.8786068, 1.3215994
1515496598991, 0.5746084, 4.10845, 1.6472107
1515496599011, 0.6799533, 4.8841715, 2.4229321
1515496599031, 0.82360536, 5.4779334, 3.2848446
1515496599051, 0.8810662, 6.540959, 3.7349546
1515496599071, 0.78529817, 7.920019, 4.3287168
1515496599091, 0.46926352, 9.452309, 4.060566
1515496599111, -0.02873042, 11.310209, 3.5913026
1515496599131, -0.45968673, 14.12579, 4.8745947
1515496599151, -0.1436521, 13.771448, 9.3661175
1515496599171, 0.9672575, 9.825804, 8.925584
1515496599191, 0.41180268, 14.30775, 4.175488
1515496599211, -0.6703765, 14.33648, 3.4476504
1515496599231, -4.232949, 12.143391, 1.1300632
1515496599251, -2.2984335, 10.6877165, 3.916914
1515496599271, -1.6759412, 9.528923, 0.24899697
1515496599291, -0.4309563, 9.136273, -0.41180268
1515496599311, 1.1300632, 7.489063, -2.4229321
1515496599331, 1.6280571, 7.7093296, -1.2737153
1515496599351, 1.4939818, 8.236053, 0.4405331
1515496599371, 1.1204864, 8.992621, -0.24899697
1515496599391, 0.7661445, 10.70687, 0.15322891
1515496599411, 0.22026655, 11.33894, 1.1587936
1515496599431, -0.4405331, 10.218452, 1.091756
1515496599451, -0.7469909, 8.149862, 0.9864111
1515496599471, -1.1587936, 6.0716953, 0.10534488
1515496599491, -1.2066777, 4.960786, -0.18195933
1515496599511, -1.043872, 6.291962, -0.20111294
1515496599531, -0.48841715, 8.532935, 0.12449849
1515496599551, 0.35434186, 9.337387, 1.0342951
1515496599571, 1.1204864, 8.341399, 0.6895301
1515496599591, 1.0726024, 7.9870567, -0.34476504
1515496599611, 0.4213795, 9.088389, -0.5746084
1515496599632, 0.30645782, 10.524911, -0.45968673
1515496599651, 1.2641385, 11.243171, -0.31603462
1515496599671, 2.4229321, 11.377247, -0.63206923
1515496599691, 1.9249382, 12.689269, 0.10534488
1515496599711, 1.5610195, 12.804191, 0.009576807
1515496599731, 1.0821792, 14.355634, -2.0207062
1515496599751, -0.46926352, 16.031574, 0.34476504
1515496599771, 0.45968673, 13.685257, -2.1260512
1515496599791, -0.33518824, 13.043611, -4.3957543
1515496599811, -1.541866, 10.697293, -2.4899697
1515496599831, -2.3463178, 9.308656, -1.6376339
1515496599851, -3.9264908, 10.390836, -1.733402
1515496599871, -3.8402996, 11.654974, -2.030283
1515496599890, -2.9975405, 12.890382, -0.33518824
1515496599910, -1.6280571, 14.221559, 6.1387334
1515496599931, -0.7182605, 13.522451, 2.3558946
1515496599950, -1.3024458, 10.180145, -0.18195933
1515496599970, -0.31603462, 8.0924015, 1.1971009
1515496599990, -0.51714754, 6.6846113, 0.39264908
1515496600011, 0.6703765, 4.6255975, 0.7182605
1515496600031, 0.37349546, 4.3861775, 0.90979666
1515496600051, 0.40222588, 3.7732618, 1.2449849
1515496600071, 0.4405331, 3.7062242, 1.5514427
1515496600090, 0.4309563, 5.2289367, 2.7485435
1515496600111, 0.7565677, 5.8226986, 3.371036
1515496600131, 0.8523358, 6.8282633, 3.466804
1515496600151, 0.9959879, 7.967903, 3.9360676
1515496600170, 1.1013328, 9.155427, 3.715801
1515496600191, 1.1204864, 11.300632, 3.6487634
1515496600211, 1.2258313, 13.177686, 4.6351743
1515496600231, 0.7374141, 12.133814, 6.435614
1515496600251, 0.095768064, 12.392388, 6.5601125
1515496600271, 1.2258313, 16.261417, 7.3071036
1515496600291, -2.3750482, 14.681245, 2.2026656
1515496600311, -3.3423057, 14.863204, 3.3614593
1515496600331, -2.27928, 6.981492, 4.1946416
1515496600351, -1.7717092, 7.8050976, 0.4309563
1515496600370, -0.019153614, 9.059659, 0.30645782
1515496600391, 1.982399, 7.97748, -1.9153614
1515496600411, 2.1643584, 8.6095495, -2.2122424
1515496600431, 1.1492168, 9.308656, 0.9864111
1515496600451, 0.19153613, 9.864111, 1.8387469
1515496600470, 0.0, 10.601525, 1.1875241
1515496600490, -0.545878, 10.362105, 0.9864111
1515496600511, -0.6799533, 9.078813, 1.3311762
1515496600531, -0.8810662, 7.642292, 0.7757214
1515496600551, -0.78529817, 6.531382, 0.05746084
1515496600570, -0.29688102, 6.291962, -0.23942018
1515496600591, 0.076614454, 7.1730285, -0.25857377
1515496600611, 0.45010993, 8.350976, -0.047884032
1515496600631, 0.6703765, 8.446744, 0.51714754
1515496600651, 0.5746084, 7.651869, 0.36391866
1515496600671, 0.45010993, 7.4603324, -0.20111294
1515496600691, 0.45968673, 8.331821, -0.08619126
1515496600711, 0.7182605, 9.615114, 0.12449849
1515496600731, 1.1013328, 10.43872, -0.24899697
1515496600751, 2.0398598, 10.869676, -1.2162545
1515496600771, 2.920926, 11.300632, -0.8714894
1515496600791, 2.3080103, 12.430696, 0.61291564
1515496600811, 1.1587936, 12.928689, 0.79487497
1515496600831, 0.36391866, 15.50485, -2.7868507
1515496600851, -0.35434186, 15.801731, -1.5801731
1515496600871, -0.5746084, 14.269443, -3.7828386
1515496600891, -1.7812861, 11.702858, -3.2369606
1515496600911, -3.1411927, 9.595961, -1.4652514
1515496600931, -3.6966474, 9.959879, -2.0398598
1515496600951, -3.9360676, 11.492168, -1.9536686
1515496600971, -3.620033, 12.6222315, -1.5035586
1515496600991, -2.7389667, 14.537593, 2.0973208
1515496601011, -1.0342951, 13.838486, 4.261679
1515496601031, -1.4748282, 11.166556, 0.095768064
1515496601051, -0.80445176, 8.935161, 0.16280572
1515496601070, -0.48841715, 6.9048777, 0.80445176
1515496601091, 0.58418524, 4.0318356, 4.271256
1515496601111, 0.18195933, 4.3478703, 0.90021986
1515496601131, 0.22984336, 4.2425256, 1.1971009
1515496601151, 0.29688102, 3.7062242, 1.2449849
1515496601171, 0.5363012, 3.5817258, 1.388637
1515496601191, 0.48841715, 4.501099, 2.135628
1515496601211, 0.7757214, 5.6215854, 3.016694
1515496601231, 0.80445176, 6.301539, 3.6774938
1515496601251, 0.6799533, 7.2687964, 4.223372
1515496601271, 0.39264908, 9.030929, 2.9783869
1515496601291, 0.7278373, 12.11466, 4.999093
1515496601311, 0.62249243, 13.484144, 4.951209
1515496601331, 0.34476504, 11.319786, 6.339846
1515496601351, 1.2162545, 9.519346, 7.7572136
1515496601371, 0.34476504, 10.936713, 5.046977
1515496601391, -0.05746084, 16.299725, 2.6048915
1515496601411, -2.6623523, 17.017986, 1.3694834
1515496601431, -5.45878, 12.995727, 1.8291701
1515496601451, -2.2409728, 7.3166804, 1.8674773
1515496601471, -1.5514427, 8.178593, -0.92895025
1515496601491, 0.24899697, 8.101978, -1.4269443
1515496601511, 2.183512, 7.651869, -0.8331822
1515496601531, 2.2888567, 8.66701, 0.90979666
1515496601551, 0.50757074, 12.248735, 0.5363012
1515496601571, 0.35434186, 12.50731, 0.61291564
1515496601591, 0.7182605, 11.654974, 1.1204864
1515496601611, 0.20111294, 9.835381, 0.58418524
1515496601631, -0.6799533, 8.542512, 0.21068975
1515496601651, -1.2737153, 7.2304893, 0.047884032
1515496601671, -1.292869, 6.0238113, -0.5267244
1515496601691, -0.22026655, 6.799533, -0.49799395
1515496601711, 0.8523358, 7.8529816, -0.038307227
1515496601731, 1.5897499, 7.6710224, 0.11492168
1515496601751, 1.3311762, 6.4643445, -0.37349546
1515496601771, 0.50757074, 6.6175733, -0.92895025
1515496601791, 0.02873042, 7.8529816, -0.08619126
1515496601811, -0.20111294, 9.9790325, 1.0055647
1515496601831, 0.19153613, 10.94629, -0.076614454
1515496601851, 0.7374141, 11.013328, -1.2066777
1515496601871, 1.7142484, 10.429143, -0.20111294
1515496601892, 2.528277, 11.070788, 0.6703765
1515496601911, 2.8921957, 12.689269, 0.18195933
1515496601931, 2.4420857, 13.024457, 0.45968673
1515496601951, 2.030283, 14.279019, -2.4420857
1515496601971, 0.37349546, 16.606182, 0.23942018
1515496601991, 0.6607997, 13.962984, -3.3806129
1515496602011, -0.12449849, 12.382812, -4.271256
1515496602031, -1.5035586, 10.94629, -3.122039
1515496602051, -2.96881, 11.224017, -2.2888567
1515496602071, -4.55856, 13.148955, -0.25857377
1515496602091, -3.8977604, 14.202404, -0.37349546
1515496602111, -2.0207062, 13.9917145, 3.4763808
1515496602131, -0.32561144, 12.928689, 2.6719291
1515496602150, -0.18195933, 10.055647, -0.29688102
1515496602171, 0.7374141, 9.414001, 1.1492168
1515496602191, 0.45968673, 8.580819, 0.30645782
1515496602211, 1.532289, 3.371036, 4.280833
1515496602231, 0.25857377, 3.8115692, 0.08619126
1515496602251, 0.23942018, 3.8786068, 0.5650316
1515496602271, 0.16280572, 3.9935284, 1.1587936
1515496602291, 0.25857377, 3.6583402, 1.2449849
1515496602311, 0.31603462, 3.572149, 1.3120226
1515496602331, 0.23942018, 4.4723687, 1.9632454
1515496602351, 0.32561144, 5.401319, 2.4612393
1515496602371, 0.47884035, 6.3589997, 3.715801
1515496602391, 0.20111294, 5.90889, 1.9632454
1515496602411, 0.7757214, 8.724471, 3.2752678
1515496602431, 0.40222588, 14.930242, 4.865018
1515496602451, 0.4213795, 14.326903, 4.8937483
1515496602471, 0.39264908, 10.572795, 7.4986396
1515496602491, 0.19153613, 10.611102, 7.1347213
1515496602511, -0.16280572, 15.08347, 4.7788267
1515496602531, -3.1794999, 15.409082, 2.9113493
1515496602551, -5.2480903, 14.700398, 1.6950948
1515496602571, -4.548983, 10.333375, 3.6487634
1515496602591, -2.0111294, 5.813122, -0.009576807
1515496602611, 0.4309563, 9.232041, -1.1109096
1515496602631, 2.6623523, 8.149862, -1.5610195
1515496602651, 2.6910827, 9.404425, -1.9536686
1515496602671, 1.043872, 9.816227, -0.6703765
1515496602691, 0.41180268, 10.5919485, 0.62249243
1515496602711, 0.41180268, 10.879252, 1.484405
1515496602731, 0.17238252, 10.477027, 1.7908629
1515496602751, -0.37349546, 9.184157, 1.3599066
1515496602771, -0.34476504, 7.489063, 0.9768343
1515496602791, -0.61291564, 6.1770406, 0.34476504
1515496602811, -0.5650316, 5.746084, -0.2681506
1515496602831, -0.1436521, 7.192182, -0.6895301
1515496602851, 0.80445176, 8.973468, -0.5746084
1515496602871, 0.90021986, 8.781932, 0.41180268
1515496602891, 0.7086837, 7.1826053, 0.9672575
1515496602911, 0.39264908, 6.742072, 0.7469909
1515496602931, 0.60333884, 7.7667904, 1.1587936
1515496602951, 1.2066777, 9.548077, -1.3215994
1515496602971, 1.9153614, 10.390836, -1.5227122
1515496602991, 1.8866309, 9.835381, 0.33518824
1515496603011, 1.982399, 10.25676, -0.076614454
1515496603031, 2.4612393, 12.852075, 0.12449849
1515496603051, 1.8483237, 15.44739, -2.815581
1515496603071, 0.8331822, 15.801731, -0.10534488
1515496603091, 1.1109096, 15.006856, -2.5187001
1515496603111, -0.31603462, 14.891934, -3.6104562
1515496603131, -1.8291701, 11.769896, -3.0262709
1515496603151, -2.9496565, 10.362105, -1.3694834
1515496603171, -3.7253778, 10.697293, -1.2066777
1515496603191, -3.4763808, 12.143391, -1.3503298
1515496603211, -2.7964275, 13.081918, -0.63206923
1515496603231, -2.2409728, 14.4130945, 1.484405
1515496603251, -0.90979666, 14.748282, 3.074155
1515496603271, -0.80445176, 11.530476, -0.46926352
1515496603291, -0.82360536, 8.791509, -0.46926352
1515496603311, -0.19153613, 6.694188, 0.8714894
1515496603331, 0.4309563, 6.397307, 0.80445176
1515496603351, 1.3120226, 3.6008794, 0.82360536
1515496603371, 0.58418524, 3.323152, 0.9576807
1515496603390, 0.12449849, 4.213795, 1.5610195
1515496603411, 0.08619126, 4.2999864, 1.8866309
1515496603431, 0.20111294, 3.9839516, 2.3750482
1515496603451, 0.41180268, 4.8362875, 3.3135753
1515496603471, 0.62249243, 6.2632318, 3.3135753
1515496603491, 0.7086837, 8.025364, 3.8307228
1515496603511, 0.7278373, 9.155427, 2.873042
1515496603531, 1.0342951, 12.650962, 4.2042184
1515496603551, 0.45010993, 16.615759, 5.363012
1515496603571, 0.12449849, 12.50731, 7.785944
1515496603591, 0.7469909, 9.404425, 8.1881695
1515496603611, 0.1436521, 13.129802, 2.8538885
1515496603631, 0.8523358, 17.190369, 3.064578
1515496603651, -4.807557, 16.395493, 0.19153613
1515496603671, -4.644751, 7.8050976, 1.685518
1515496603691, -3.0262709, 7.565677, 1.3120226
1515496603711, -0.40222588, 9.165004, -0.22026655
1515496603731, 2.0398598, 8.312668, -3.763685
1515496603751, 1.9440918, 9.232041, -2.3942018
1515496603770, 0.40222588, 10.601525, 1.6089035
1515496603791, 0.15322891, 11.81778, 0.33518824
1515496603811, 0.41180268, 11.683704, 0.90979666
1515496603831, -0.51714754, 10.208876, 1.7429788
1515496603851, -0.4309563, 8.121132, 1.0534488
1515496603871, -0.8619126, 5.8705826, 0.32561144
1515496603891, -1.2066777, 4.3382936, -1.043872
1515496603911, -1.1779473, 5.0374002, -1.340753
1515496603931, -0.51714754, 7.144298, -1.283292
1515496603951, 0.6895301, 8.37013, -0.17238252
1515496603971, 0.7469909, 7.785944, -0.2777274
1515496603991, 0.076614454, 7.5465236, 0.16280572
1515496604011, -0.36391866, 8.983045, 1.7525556
1515496604031, -0.05746084, 10.745177, -0.038307227
1515496604051, 0.9768343, 12.26789, -1.8483237
1515496604071, 2.8634653, 11.760319, 0.20111294
1515496604091, 2.920926, 11.166556, 0.62249243
1515496604111, 2.1547816, 11.84651, -0.5363012
1515496604131, 1.541866, 12.631808, -0.08619126
1515496604151, 0.6607997, 13.637373, -1.0247183
1515496604171, -1.1875241, 15.370775, 0.7661445
1515496604191, -0.038307227, 13.608643, -2.3558946
1515496604211, -0.79487497, 10.697293, -4.4915223
1515496604231, -1.7717092, 9.184157, -3.466804
1515496604251, -2.3080103, 9.892841, -1.0342951
1515496604271, -3.9456444, 12.143391, -1.283292
1515496604291, -2.920926, 14.33648, -0.9864111
1515496604311, -1.7621324, 16.16565, 3.5913026
1515496604331, -0.1436521, 16.079458, 3.4859576
1515496604351, -0.90021986, 11.540052, -0.7374141
1515496604371, -0.2777274, 8.054094, -0.18195933
1515496604391, 0.34476504, 7.3549876, 1.1971009
1515496604411, 1.3599066, 3.7445314, 3.8019924
1515496604431, 0.5650316, 3.4380736, 0.29688102
1515496604451, 0.36391866, 2.9975405, 0.6703765
1515496604471, 0.20111294, 3.1603463, 0.9768343
1515496604491, 0.019153614, 3.3614593, 1.541866
1515496604511, -0.009576807, 3.6870706, 2.2122424
1515496604531, -0.019153614, 4.912902, 2.6431987
1515496604551, 0.038307227, 6.493075, 3.0262709
1515496604571, 0.25857377, 8.925584, 3.715801
1515496604591, 0.6799533, 10.170568, 3.1603463
1515496604611, 1.1875241, 15.073894, 5.7365074
1515496604631, 0.8331822, 12.152967, 6.531382
1515496604651, 1.2066777, 9.375694, 8.015787
1515496604671, 0.81402856, 9.921572, 5.8801594
1515496604691, 0.39264908, 16.01242, 3.7828386
1515496604711, -0.32561144, 16.539145, 4.175488
1515496604731, -3.5817258, 12.325351, 1.8387469
1515496604751, -3.3901896, 7.785944, 1.3215994
1515496604771, -3.6966474, 7.8912888, -0.48841715
1515496604791, -1.2066777, 8.475474, -0.17238252
1515496604811, 1.091756, 8.42759, -0.10534488
1515496604831, 1.4556746, 9.921572, 0.15322891
1515496604851, 1.388637, 10.812215, -0.11492168
1515496604871, 1.2162545, 9.835381, 0.8810662
1515496604891, 1.2737153, 10.208876, 0.9672575
1515496604911, 0.63206923, 9.969456, 0.40222588
1515496604931, 0.4309563, 8.848969, 0.7469909
1515496604951, -0.1436521, 7.469909, 0.9576807
1515496604971, -0.5650316, 6.0046577, 0.2777274
1515496604991, -0.93852705, 5.9567738, -0.46926352
1515496605011, -0.7278373, 6.885724, -0.6607997
1515496605031, 0.29688102, 7.699753, 0.11492168
1515496605050, 1.13964, 8.446744, 0.08619126
1515496605071, 0.20111294, 7.575254, -0.49799395
1515496605091, -0.24899697, 7.642292, -0.095768064
1515496605111, 0.12449849, 9.414001, -0.25857377
1515496605131, 0.7469909, 11.204864, -1.0630256
1515496605151, 1.4460979, 11.405977, 0.16280572
1515496605171, 1.7238252, 11.626244, -0.31603462
1515496605191, 2.0494366, 12.392388, 0.15322891
1515496605210, 2.135628, 12.603078, 1.1109096
1515496605231, 0.8714894, 14.116213, -1.532289
1515496605251, -0.8714894, 15.05474, 0.21068975
1515496605271, 0.6991069, 13.139379, -3.6774938
1515496605291, 0.12449849, 12.162544, -4.55856
1515496605311, -0.8523358, 10.534488, -3.2273839
1515496605331, -3.2369606, 10.477027, -1.4460979
1515496605351, -4.9224787, 12.0571995, -1.8387469
1515496605371, -4.3478703, 13.934254, -0.8714894
1515496605391, -2.7102363, 15.696386, 2.9592333
1515496605411, -0.90979666, 14.968549, 3.7349546
1515496605431, -1.1300632, 11.501745, 0.32561144
1515496605451, -1.0821792, 9.126697, 1.0247183
1515496605471, -0.22026655, 6.3685765, 0.6799533
1515496605491, 0.7661445, 4.654328, 1.3024458
1515496605511, 0.7469909, 3.8115692, 0.4309563
1515496605531, 0.6512229, 3.3614593, 0.9864111
1515496605551, 0.7278373, 3.1890767, 1.532289
1515496605571, 0.7565677, 3.8498764, 1.9249382
1515496605591, 0.63206923, 4.654328, 2.6910827
1515496605611, 0.6512229, 5.851429, 3.0550013
1515496605631, 0.641646, 7.517793, 3.8115692
1515496605651, 0.5650316, 9.691729, 4.213795
1515496605671, 0.29688102, 11.434708, 4.2904096
1515496605691, 0.038307227, 14.748282, 5.2480903
1515496605711, -0.45968673, 13.321339, 8.0445175
1515496605731, -0.2777274, 9.662998, 8.801085
1515496605751, 0.019153614, 8.734048, 5.7748146
1515496605771, -0.076614454, 15.868769, 3.1603463
1515496605791, -1.2449849, 16.960526, 2.633622
1515496605811, -4.6255975, 12.832921, 0.6991069
1515496605831, -2.8921957, 5.659893, 2.4995465
1515496605851, -2.2984335, 6.7803793, -0.62249243
1515496605871, 0.08619126, 10.218452, -1.8962077
1515496605891, 2.5378537, 9.586384, -1.4748282
1515496605911, 1.8100165, 10.840945, 1.3694834
1515496605931, 1.043872, 10.371682, 1.0630256
1515496605951, 0.79487497, 9.864111, 0.8619126
1515496605971, 0.5746084, 9.739613, 1.3503298
1515496605991, 0.22984336, 9.14585, 0.78529817
1515496606011, -0.038307227, 8.418014, 0.6799533
1515496606031, -0.4405331, 7.2209125, 0.39264908
1515496606051, -0.9672575, 5.8322754, -0.31603462
1515496606071, -1.0630256, 5.6120086, -0.46926352
1515496606091, -0.8331822, 6.646304, -0.33518824
1515496606110, 0.545878, 8.073248, 0.39264908
1515496606131, 0.63206923, 8.743625, 0.33518824
1515496606151, 0.59376204, 8.303091, -0.2873042
1515496606171, 0.17238252, 8.379706, -0.15322891
1515496606191, 0.37349546, 9.9790325, -0.019153614
1515496606211, 1.4269443, 11.616667, -1.1204864
1515496606231, 2.4037786, 11.932701, -0.8331822
1515496606251, 2.1547816, 12.469003, -0.4405331
1515496606270, 1.6950948, 12.938266, 0.095768064
1515496606291, 1.1492168, 15.514427, -1.3024458
1515496606311, -0.33518824, 15.868769, -0.91937345
1515496606331, -0.79487497, 14.5567465, -2.681506
1515496606351, -1.2162545, 12.258312, -2.9592333
1515496606371, -1.3311762, 10.28549, -2.2601264
1515496606391, -2.7581203, 10.5440645, -1.8962077
1515496606411, -3.572149, 10.821792, -2.135628
1515496606431, -3.169923, 11.626244, -2.336741
1515496606451, -2.0111294, 13.397953, -0.34476504
1515496606470, -1.0342951, 15.361198, 4.5777135
1515496606491, -1.0726024, 13.062764, 0.4309563
1515496606511, -1.7429788, 8.935161, -0.63206923
1515496606531, -0.58418524, 6.493075, 0.82360536
1515496606551, 0.40222588, 4.55856, 2.1068976
1515496606571, 0.6703765, 4.855441, 0.22026655
1515496606591, 0.6703765, 4.462792, 0.6512229
1515496606611, 0.22984336, 4.1659107, 1.2066777
1515496606631, 0.10534488, 4.357447, 1.8100165
1515496606651, 0.20111294, 4.5681367, 2.4516625
1515496606670, 0.32561144, 5.0182467, 2.384625
1515496606691, 0.16280572, 6.531382, 3.1028855
1515496606711, 0.16280572, 8.580819, 4.462792
1515496606731, 0.90979666, 10.601525, 5.315128
1515496606751, 1.6376339, 15.591042, 8.504205
1515496606771, 2.0398598, 13.417107, 7.1730285
1515496606791, 1.7046716, 8.887277, 6.4260373
1515496606811, 0.5267244, 8.935161, 6.244078
1515496606831, 0.38307226, 13.244724, 7.144298
1515496606851, 0.59376204, 15.935806, 8.6095495
1515496606871, -2.0973208, 11.36767, 4.050989
1515496606891, -3.4380736, 6.397307, 2.1930888
1515496606911, -2.1452048, 9.174581, 1.2162545
1515496606931, -0.7661445, 10.266336, 0.90979666
1515496606951, 1.532289, 7.4028716, -2.5378537
1515496606971, 1.1492168, 8.762778, -1.8195933
1515496606991, 1.436521, 9.385271, -0.6703765
1515496607011, 1.7717092, 9.950302, 1.3599066
1515496607031, 1.4939818, 9.787497, 2.920926
1515496607051, 0.7278373, 9.165004, 0.91937345
1515496607071, -0.37349546, 8.734048, 0.12449849
1515496607091, -0.6991069, 8.197746, 0.7182605
1515496607111, -0.9959879, 7.632715, 0.8619126
1515496607131, -0.46926352, 7.192182, -0.08619126
1515496607151, -0.8714894, 7.3549876, 0.02873042
1515496607171, -0.81402856, 6.742072, 0.095768064
1515496607191, 0.22984336, 6.6846113, -0.45968673
1515496607211, 0.20111294, 7.4124484, -0.02873042
1515496607231, 0.51714754, 7.680599, 0.11492168
1515496607250, 0.6512229, 8.264784, -0.29688102
1515496607271, 0.60333884, 9.672575, -0.47884035
1515496607291, 0.80445176, 10.91756, -1.043872
1515496607311, 1.2737153, 11.702858, -0.33518824
1515496607331, 2.2122424, 13.053187, 0.39264908
1515496607351, 2.030283, 12.947843, 0.1436521
1515496607371, 1.4652514, 13.723564, -2.0590134
1515496607391, 0.2777274, 16.01242, -0.7374141
1515496607411, 0.7086837, 14.346057, -1.13964
1515496607431, -0.2777274, 13.838486, -2.7485435
1515496607451, -1.1492168, 11.405977, -3.2273839
1515496607471, -2.0015526, 10.43872, -2.8060043
1515496607491, -2.96881, 10.773908, -3.2561142
1515496607511, -3.3614593, 11.540052, -1.8962077
1515496607531, -3.2561142, 12.133814, -0.9864111
1515496607551, -2.777274, 13.771448, 3.1411927
1515496607571, -1.4748282, 13.742718, 1.7717092
1515496607591, -1.4269443, 10.237606, -0.7086837
1515496607611, 0.019153614, 7.9966335, 0.24899697
1515496607631, -0.06703765, 6.588843, 0.45968673
1515496607651, 1.0055647, 4.865018, 1.1300632
1515496607671, 0.80445176, 4.8745947, 0.80445176
1515496607691, 0.40222588, 4.175488, 1.1492168
1515496607711, 0.22984336, 4.185065, 1.283292
1515496607731, 0.18195933, 4.3957543, 1.6472107
1515496607751, 0.21068975, 4.5681367, 2.336741
1515496607770, 0.2681506, 5.650316, 3.1890767
1515496607791, 0.20111294, 6.885724, 3.8402996
1515496607811, 0.25857377, 8.121132, 4.5681367
1515496607831, 0.4213795, 9.959879, 4.4915223
1515496607851, 1.091756, 11.683704, 4.663905
1515496607871, 1.484405, 13.445837, 5.161899
1515496607891, 1.0821792, 13.034034, 6.291962
1515496607911, 0.5363012, 9.509769, 7.7572136
1515496607931, -0.5650316, 13.168109, 5.6215854
1515496607951, 1.2449849, 18.109741, 7.728483
1515496607971, -3.86903, 12.181698, 1.7142484
1515496607991, -4.003105, 7.345411, 1.982399
1515496608011, -3.0071173, 8.178593, 0.7374141
1515496608031, -1.2066777, 10.141838, 0.545878
1515496608051, 1.484405, 8.676587, -2.2026656
1515496608071, 0.8523358, 10.477027, -1.1300632
1515496608091, 1.1875241, 9.653421, -0.22026655
1515496608111, 0.93852705, 8.303091, 0.29688102
1515496608131, 0.641646, 8.331821, -0.1436521
1515496608151, 0.1340753, 8.37013, 0.50757074
1515496608171, -0.23942018, 7.9870567, 0.9768343
1515496608191, -0.22984336, 7.9104424, 1.0821792
1515496608211, -0.6607997, 7.8146744, 0.91937345
1515496608235, -0.32561144, 7.680599, 0.24899697
1515496608250, 0.20111294, 8.00621, -0.48841715
1515496608271, 0.39264908, 8.197746, -0.45010993
1515496608291, 0.94810385, 7.6614456, 0.18195933
1515496608311, 1.0342951, 7.6135616, 0.49799395
1515496608331, 0.94810385, 7.967903, -0.076614454
1515496608351, 1.043872, 8.724471, -0.1436521
1515496608370, 0.8714894, 9.3182335, 0.0
1515496608391, -0.22984336, 9.911995, -1.4748282
1515496608411, 0.45010993, 10.611102, -0.22984336
1515496608431, 1.283292, 12.08593, 0.59376204
1515496608450, 2.0207062, 12.823344, 0.34476504
1515496608471, 1.541866, 12.727576, -0.047884032
1515496608491, 0.9672575, 13.857639, -1.8004397
1515496608511, 0.10534488, 15.275007, 0.6895301
1515496608531, 0.641646, 13.417107, -2.4229321
1515496608551, -0.32561144, 13.369223, -4.1371803
1515496608571, -0.29688102, 10.764331, -3.8594532
1515496608591, -1.8674773, 9.931149, -2.7102363
1515496608611, -3.016694, 10.333375, -2.4133554
1515496608631, -4.2904096, 12.133814, -1.5035586
1515496608651, -4.213795, 13.244724, -0.38307226
1515496608671, -3.0550013, 14.537593, 2.3558946
1515496608691, -1.2641385, 13.532028, 3.2561142
1515496608711, -0.8523358, 11.099519, -0.48841715
1515496608731, -0.24899697, 8.762778, -0.9768343
1515496608751, -0.06703765, 7.1730285, 0.39264908
1515496608771, -0.076614454, 5.3342814, -0.32561144
1515496608791, 0.59376204, 3.7062242, 0.45010993
1515496608811, 0.06703765, 4.003105, 1.0821792
1515496608831, -0.02873042, 3.6008794, 1.0821792
1515496608851, -0.18195933, 3.8402996, 1.541866
1515496608871, -0.16280572, 4.807557, 2.585738
1515496608891, 0.10534488, 6.301539, 2.815581
1515496608911, 0.51714754, 8.159439, 3.5625722
1515496608931, 0.6895301, 10.381259, 4.2425256
1515496608951, 0.34476504, 12.038046, 4.6830587
1515496608971, 0.18195933, 14.489709, 5.0661306
1515496608991, 0.16280572, 14.949395, 8.121132
1515496609011, 0.2873042, 10.180145, 8.724471
1515496609031, 1.1683705, 7.872135, 5.4300494
1515496609051, 0.24899697, 14.384364, 4.405331
1515496609071, -0.10534488, 17.152061, 4.2042184
1515496609091, -4.5681367, 13.158532, 1.0630256
1515496609111, -3.715801, 7.1730285, 2.528277
1515496609131, -2.6623523, 8.341399, -0.24899697
1515496609151, -0.6703765, 9.385271, -1.3024458
1515496609171, 0.7374141, 8.236053, -2.1739352
1515496609191, 1.0342951, 9.528923, -0.076614454
1515496609211, 0.8714894, 9.77792, 0.51714754
1515496609231, 0.2873042, 9.816227, 0.32561144
1515496609251, 0.009576807, 9.835381, 0.58418524
1515496609271, -0.6799533, 9.222465, 0.50757074
1515496609291, -0.8331822, 8.130709, 1.1779473
1515496609311, -0.92895025, 7.2113357, 0.5746084
1515496609330, -0.9959879, 6.5601125, 0.17238252
1515496609351, -0.641646, 6.5122285, 0.019153614
1515496609370, -0.02873042, 7.374141, -0.41180268
1515496609391, 0.80445176, 8.0445175, 0.30645782
1515496609411, 1.3215994, 7.97748, 0.8331822
1515496609432, 1.3503298, 8.197746, 0.2777274
1515496609450, 1.283292, 8.350976, 0.45010993
1515496609471, 0.7086837, 9.270349, -0.038307227
1515496609491, 0.08619126, 10.0269165, -1.7525556
1515496609511, 0.7757214, 10.955867, -0.7661445
1515496609530, 1.1109096, 11.243171, 0.22984336
1515496609552, 0.8714894, 12.018892, 0.18195933
1515496609571, 1.2641385, 12.785037, 0.35434186
1515496609591, 1.541866, 13.359646, 0.095768064
1515496609611, 1.8195933, 15.045163, -1.7046716
1515496609631, -0.12449849, 16.548721, -1.1779473
1515496609651, 1.0151415, 13.618219, -5.7748146
1515496609671, 0.22026655, 11.87524, -4.3287168
1515496609691, -1.541866, 10.658986, -2.6144683
1515496609711, -3.572149, 10.927136, -0.2777274
1515496609731, -4.271256, 11.712435, -1.1204864
1515496609751, -2.7006595, 11.511322, -0.63206923
1515496609771, -0.20111294, 13.129802, 4.405331
1515496609791, 0.62249243, 12.488156, 0.11492168
1515496609811, -0.24899697, 9.212888, -1.6759412
1515496609831, -0.35434186, 7.067683, 0.16280572
1515496609851, 0.0, 4.76925, 1.7046716
1515496609871, -0.019153614, 6.244078, 1.4077905
1515496609891, 0.17238252, 5.7365074, 1.4748282
1515496609911, 0.2873042, 4.8362875, 1.4939818
1515496609931, 0.08619126, 4.510676, 2.2409728
1515496609951, 0.11492168, 4.156334, 2.5378537
1515496609971, 0.29688102, 4.1946416, 2.3080103
1515496609991, 0.37349546, 6.301539, 2.432509
1515496610011, 0.6991069, 7.3166804, 2.8538885
1515496610031, 1.1492168, 8.6095495, 3.8115692
1515496610051, 1.2354081, 10.457873, 4.6255975
1515496610071, 0.89064306, 13.972561, 5.21936
1515496610091, 0.5554548, 11.990162, 6.8665705
1515496610111, 0.009576807, 9.720459, 6.7708025
1515496610131, -0.047884032, 14.81532, 3.6966474
1515496610151, 0.37349546, 17.142485, 5.0661306
1515496610171, -3.2944214, 12.334928, 0.9959879
1515496610191, -3.3135753, 10.103531, 2.3942018
1515496610211, -1.9728222, 9.126697, 1.7717092
1515496610231, -0.019153614, 9.069236, 0.4405331
1515496610251, 1.6184803, 8.00621, -1.2258313
1515496610271, 1.7525556, 8.954314, -1.9057846
1515496610291, 0.8523358, 8.8777, 0.7469909
1515496610311, 0.39264908, 8.944737, 0.7757214
1515496610331, 0.019153614, 10.132261, 0.08619126
1515496610351, 0.076614454, 10.726024, 0.35434186
1515496610370, -0.23942018, 9.605537, 1.1300632
1515496610391, -0.545878, 7.7667904, 1.436521
1515496610411, -0.7469909, 6.2728086, 0.7757214
1515496610431, -0.89064306, 5.5737014, -0.23942018
1515496610451, -0.47884035, 6.0525417, -0.8810662
1515496610471, 0.48841715, 8.025364, -0.63206923
1515496610491, 0.62249243, 7.9583263, -0.08619126
1515496610511, 0.15322891, 7.345411, -0.009576807
1515496610531, -0.6512229, 7.6231384, 0.05746084
1515496610551, -0.48841715, 10.1226845, -1.5801731
1515496610571, 0.10534488, 12.469003, -0.842759
1515496610591, 1.2258313, 11.798626, -0.06703765
1515496610611, 1.9632454, 12.497733, 0.4405331
1515496610631, 3.0454245, 13.22557, 0.545878
1515496610651, 2.3463178, 13.091495, 0.5363012
1515496610671, 0.7278373, 15.466543, -2.0494366
1515496610691, -0.5267244, 14.499286, -0.6703765
1515496610711, 0.21068975, 12.5264635, -3.7732618
1515496610731, -1.1587936, 10.218452, -4.175488
1515496610751, -1.6759412, 10.199299, -2.834735
1515496610771, -4.012682, 11.089942, -2.1164744
1515496610791, -4.8841715, 11.971008, -1.8195933
1515496610811, -3.41892, 14.374787, -0.9864111
1515496610831, -1.6663644, 15.514427, 4.8937483
1515496610851, -0.91937345, 14.106636, 1.4077905
1515496610871, -1.7525556, 9.710882, -0.095768064
1515496610891, -1.2162545, 7.9583263, 0.2681506
1515496610911, 0.12449849, 5.104438, 4.405331
1515496610931, 0.61291564, 4.8362875, 0.7086837
1515496610951, 0.50757074, 4.3478703, 0.7086837
1515496610971, 0.63206923, 3.7828386, 0.82360536
1515496610991, 0.93852705, 3.4763808, 0.93852705
1515496611011, 0.7182605, 4.156334, 1.9536686
1515496611031, 0.78529817, 5.544971, 2.5953147
1515496611051, 0.6991069, 6.799533, 3.1890767
1515496611071, 0.94810385, 7.9391727, 3.8594532
1515496611091, 1.1587936, 9.5385, 3.620033
1515496611111, 1.1109096, 12.11466, 3.6583402
1515496611131, 0.8714894, 14.097059, 5.2480903
1515496611151, 0.4309563, 13.321339, 7.383718
1515496611171, 0.8714894, 9.442732, 8.322245
1515496611191, 1.8100165, 6.4164605, 5.363012
1515496611211, 0.02873042, 13.493721, 2.0494366
1515496611231, -1.2545617, 13.081918, 1.4173675
1515496611251, -4.5202527, 14.279019, -0.94810385
1515496611271, -3.4476504, 11.87524, 2.3750482
1515496611291, -3.4380736, 9.212888, 0.12449849
1515496611311, -0.46926352, 8.791509, 0.36391866
1515496611331, 2.8538885, 7.192182, -1.7717092
1515496611351, 1.7812861, 8.916007, 0.5267244
1515496611370, 1.0151415, 10.218452, 0.7278373
1515496611391, 0.36391866, 10.323798, -0.02873042
1515496611411, -0.05746084, 10.716447, 0.22026655
1515496611431, -0.2681506, 9.816227, 0.40222588
1515496611450, -0.5554548, 8.791509, 0.90979666
1515496611471, -0.80445176, 7.7572136, 0.8810662
1515496611491, -1.2737153, 6.3685765, 0.49799395
1515496611511, -0.93852705, 5.6215854, -0.17238252
1515496611531, -0.39264908, 6.847417, -0.59376204
1515496611551, 0.30645782, 8.322245, -0.40222588
1515496611571, 0.8714894, 8.207323, 0.06703765
1515496611591, 0.6991069, 7.8912888, -0.38307226
1515496611611, 0.39264908, 7.795521, -0.18195933
1515496611631, 0.1436521, 8.714894, -0.009576807
1515496611651, 0.6512229, 10.103531, -1.2449849
1515496611671, 1.5993267, 11.21444, -1.4173675
1515496611691, 2.6240451, 11.473015, -0.48841715
1515496611711, 2.384625, 11.57836, 0.047884032
1515496611731, 1.5993267, 12.038046, 0.4213795
1515496611751, 0.7278373, 13.340492, -1.292869
1515496611771, -0.6703765, 15.160085, 0.5363012
1515496611791, 0.19153613, 13.024457, -1.4460979
1515496611811, 1.1300632, 12.229582, -3.2369606
1515496611831, -0.5363012, 10.802638, -3.217807
1515496611851, -2.1547816, 9.557653, -3.0071173
1515496611871, -3.620033, 11.061212, -3.1794999
1515496611891, -4.663905, 13.302185, -1.6089035
1515496611911, -3.4763808, 15.2367, 0.23942018
1515496611931, -2.4995465, 14.173674, 7.201759
1515496611951, -1.4173675, 14.068329, 2.7102363
1515496611970, -1.1492168, 10.28549, 0.076614454
1515496611991, -0.019153614, 8.226477, 0.29688102
1515496612011, 0.34476504, 7.2783732, 0.038307227
1515496612031, 1.1300632, 3.3901896, 2.6431987
1515496612051, 0.38307226, 3.667917, 0.48841715
1515496612071, 0.24899697, 2.9783869, 0.60333884
1515496612091, 0.25857377, 3.572149, 0.9864111
1515496612111, 0.02873042, 3.9743748, 1.436521
1515496612131, -0.10534488, 4.8362875, 2.336741
1515496612151, 0.38307226, 5.9184666, 2.777274
1515496612170, 0.89064306, 7.690176, 3.3901896
1515496612191, 0.9672575, 9.662998, 3.8881836
1515496612211, 0.7661445, 12.315774, 3.8307228
1515496612231, 1.1204864, 15.907076, 4.644751
1515496612251, 0.5746084, 13.168109, 6.694188
1515496612270, 0.94810385, 9.662998, 8.341399
1515496612291, 1.6376339, 6.885724, 5.7748146
1515496612311, 0.82360536, 15.045163, 2.2888567
1515496612331, 0.4213795, 17.266983, 2.4708161
1515496612350, -6.14831, 15.131354, -0.30645782
1515496612370, -4.2425256, 7.73806, 2.5091233
1515496612391, -3.1603463, 8.274361, -0.23942018
1515496612411, -0.18195933, 8.178593, -0.8619126
1515496612431, 1.8866309, 7.4986396, -0.7661445
1515496612451, 2.4899697, 8.389283, 0.5554548
1515496612471, 1.1204864, 10.936713, 0.08619126
1515496612491, 0.8810662, 11.654974, 0.019153614
1515496612511, 0.32561144, 11.348516, 0.8331822
1515496612531, -0.009576807, 9.56723, 0.6991069
1515496612551, -0.49799395, 8.159439, 0.6799533
1515496612571, -1.0821792, 5.9567738, 0.08619126
1515496612591, -1.7046716, 4.855441, -0.5267244
1515496612611, -1.13964, 5.6407394, -0.7469909
1515496612631, 0.038307227, 7.8912888, -0.81402856
1515496612651, 0.8331822, 8.66701, -0.32561144
1515496612671, 0.641646, 7.8912888, -0.80445176
1515496612691, 0.12449849, 7.5561004, -0.22026655
1515496612711, 0.545878, 10.409989, -0.30645782
1515496612731, 1.5227122, 13.589489, -0.06703765
1515496612751, 2.078167, 13.187263, -0.545878
1515496612771, 2.432509, 12.08593, -0.6607997
1515496612791, 2.6240451, 12.880805, 0.9672575
1515496612811, 2.231396, 13.196839, 1.3024458
1515496612831, -0.60333884, 15.763424, -3.0071173
1515496612851, -2.135628, 13.455414, 0.02873042
1515496612871, 0.23942018, 11.33894, -3.964798
1515496612891, -0.51714754, 11.224017, -4.098873
1515496612911, -1.6376339, 10.907983, -4.405331
1515496612931, -3.6008794, 12.306197, -4.5777135
1515496612951, -4.5681367, 13.857639, -2.4229321
1515496612971, -4.721366, 15.591042, 0.545878
1515496612991, -2.5187001, 14.135366, 2.3558946
1515496613011, -2.1260512, 9.854534, 0.80445176
1515496613031, -0.5363012, 7.9966335, -0.038307227
1515496613051, 0.20111294, 7.07726, 1.8866309
1515496613071, 1.0534488, 5.1810527, 0.9672575
1515496613090, 0.80445176, 4.644751, -0.31603462
1515496613111, 0.4309563, 4.1276035, 0.51714754
1515496613131, 0.18195933, 4.1180267, 0.8810662
1515496613151, -0.22026655, 4.185065, 2.0207062
1515496613171, 0.019153614, 4.1276035, 2.6719291
1515496613191, 0.2873042, 5.506664, 3.3039982
1515496613211, 0.7278373, 6.7133417, 3.7349546
1515496613231, 1.4269443, 8.025364, 4.146757
1515496613251, 1.8004397, 10.352529, 4.060566
1515496613271, 1.5993267, 12.708423, 4.960786
1515496613291, 0.9864111, 15.227123, 6.9240313
1515496613311, 0.60333884, 12.152967, 7.479486
1515496613331, 0.8523358, 9.222465, 6.445191
1515496613351, 0.8619126, 14.135366, 4.8267107
1515496613371, 0.19153613, 13.819332, 4.721366
1515496613391, -2.231396, 13.101071, 1.8483237
1515496613411, -3.9935284, 7.335834, 0.63206923
1515496613431, -3.0933087, 8.925584, 0.6607997
1515496613450, -1.0534488, 9.222465, 0.842759
1515496613471, 1.6567876, 8.015787, -1.6663644
1515496613491, 1.340753, 10.055647, -1.091756
1515496613511, 1.1300632, 9.557653, -0.63206923
1515496613531, 0.6895301, 8.801085, 1.9440918
1515496613551, 0.8714894, 8.772355, 0.6895301
1515496613571, -0.29688102, 8.628703, 0.35434186
1515496613591, 0.019153614, 8.207323, 0.33518824
1515496613611, -0.36391866, 7.7093296, 0.78529817
1515496613631, -1.0726024, 7.240066, 0.92895025
1515496613651, -0.62249243, 7.201759, 0.20111294
1515496613671, -0.076614454, 7.7667904, -0.19153613
1515496613691, 0.21068975, 8.111555, -0.16280572
1515496613711, 0.7661445, 8.0445175, 0.48841715
1515496613731, 0.5267244, 7.642292, 0.18195933
1515496613751, 0.4213795, 7.345411, -0.6607997
1515496613771, 0.31603462, 8.063671, -0.8331822
1515496613791, 0.21068975, 9.423578, -0.6799533
1515496613811, -0.06703765, 10.43872, -0.6991069
1515496613831, 1.6089035, 11.84651, -0.21068975
1515496613850, 2.27928, 13.244724, 1.541866
1515496613871, 1.982399, 12.612655, 0.1340753
1515496613891, 0.80445176, 12.995727, -1.3215994
1515496613911, -0.36391866, 16.146496, -1.043872
1515496613931, -0.038307227, 13.924677, -0.94810385
1515496613951, -0.30645782, 13.378799, -4.060566
1515496613970, -0.80445176, 11.358093, -4.453215
1515496613991, -1.6184803, 10.28549, -3.3997664
1515496614011, -2.9592333, 10.457873, -2.5474305
1515496614031, -4.156334, 11.9614315, -2.135628
1515496614051, -4.213795, 13.062764, -0.9864111
1515496614071, -3.5434184, 14.192827, 2.3175871
1515496614091, -1.6472107, 13.330915, 3.3614593
1515496614111, -1.484405, 10.342952, -0.80445176
1515496614131, -0.1436521, 8.169016, -0.17238252
1515496614151, 0.5650316, 5.861006, 3.2944214
1515496614171, 1.3311762, 5.497087, 0.89064306
1515496614191, 1.0342951, 5.9567738, 1.13964
1515496614211, 0.7086837, 4.759673, 1.043872
1515496614231, 0.4405331, 4.10845, 1.3694834
1515496614251, 0.18195933, 4.2521024, 2.183512
1515496614271, 0.20111294, 5.1140146, 3.371036
1515496614291, 0.37349546, 6.0046577, 3.466804
1515496614311, 0.5554548, 7.1634517, 3.9073372
1515496614331, 0.8331822, 8.599973, 4.0797195
1515496614351, 1.0247183, 10.342952, 4.060566
1515496614371, 1.1587936, 12.593501, 4.721366
1515496614391, 0.91937345, 13.302185, 5.506664
1515496614411, 0.79487497, 12.603078, 8.178593
1515496614431, 1.2545617, 8.111555, 7.833828
1515496614451, 0.10534488, 11.990162, 4.663905
1515496614471, 0.33518824, 14.518439, 4.4723687
1515496614491, -3.964798, 14.652514, 0.59376204
1515496614511, -4.0892963, 11.750742, 1.6759412
1515496614531, -2.825158, 7.0485296, 2.3080103
1515496614551, -2.0015526, 9.174581, -1.436521
1515496614571, 0.5267244, 8.992621, -0.6991069
1515496614591, 0.8810662, 8.619126, -1.0630256
1515496614611, 1.0726024, 9.337387, 0.45010993
1515496614631, 0.545878, 9.672575, 0.9768343
1515496614651, 0.02873042, 9.883265, 0.50757074
1515496614671, 0.05746084, 9.892841, 0.34476504
1515496614691, -0.5267244, 9.203311, 0.22026655
1515496614711, -0.6512229, 8.485051, 1.0630256
1515496614731, -1.0247183, 7.2783732, 0.6799533
1515496614751, -1.1109096, 6.4260373, 0.22026655
1515496614771, -0.41180268, 6.7803793, -0.06703765
1515496614791, -0.29688102, 7.7189064, 0.095768064
1515496614811, 0.59376204, 8.312668, 0.50757074
1515496614831, 0.9576807, 8.169016, 0.46926352
1515496614850, 0.81402856, 7.489063, -0.038307227
1515496614871, 0.60333884, 7.728483, -0.9576807
1515496614891, 0.5267244, 9.32781, -0.1436521
1515496614911, 0.7469909, 10.46745, -0.24899697
1515496614931, 1.1683705, 10.879252, -0.5363012
1515496614951, 2.0685902, 11.061212, -0.30645782
1515496614971, 2.078167, 11.865664, 0.40222588
1515496614991, 1.6280571, 12.516887, 0.4405331
1515496615011, 0.7182605, 12.938266, -0.6512229
1515496615031, -0.076614454, 15.44739, -1.3790601
1515496615051, -0.32561144, 14.60463, -1.0821792
1515496615071, -0.61291564, 14.4130945, -4.232949
1515496615091, -1.5801731, 11.080365, -3.3901896
1515496615111, -2.4899697, 10.199299, -2.2601264
1515496615131, -3.5338416, 11.080365, -2.4612393
1515496615151, -4.55856, 12.401965, -1.3120226
1515496615171, -3.6296098, 13.215993, -0.4309563
1515496615191, -2.2218192, 14.192827, 3.122039
1515496615211, -0.93852705, 13.302185, 2.2505496
1515496615231, -0.92895025, 10.630256, -0.7565677
1515496615251, 0.12449849, 8.523358, -0.58418524
1515496615271, 0.076614454, 6.5218053, -0.05746084
1515496615291, 0.9959879, 4.271256, 3.6008794
1515496615311, 0.842759, 3.5817258, -0.05746084
1515496615331, 0.48841715, 4.050989, 0.5746084
1515496615351, 0.076614454, 3.6774938, 1.2641385
1515496615371, -0.19153613, 4.012682, 1.7429788
1515496615391, -0.4309563, 4.606444, 2.480393
1515496615411, -0.59376204, 5.6982, 3.2752678
1515496615431, -0.50757074, 7.1251445, 3.6966474
1515496615451, 0.019153614, 8.571242, 3.964798
1515496615471, 0.4405331, 10.208876, 3.9935284
1515496615491, 1.0055647, 13.072341, 5.2385135
1515496615511, 1.1875241, 13.589489, 6.3781533
1515496615531, 0.8619126, 10.553641, 7.843405
1515496615551, 0.6895301, 9.356541, 6.6175733
1515496615571, 0.30645782, 14.949395, 4.855441
1515496615590, -0.49799395, 16.903065, 3.7445314
1515496615611, -2.815581, 14.135366, 2.0111294
1515496615630, -3.0262709, 6.540959, 2.7006595
1515496615651, -3.217807, 6.5601125, -0.02873042
1515496615671, -0.61291564, 9.854534, 0.32561144
1515496615691, 0.40222588, 8.7053175, -0.641646
1515496615711, 0.79487497, 10.189722, -0.8714894
1515496615731, -0.1340753, 10.505757, 1.532289
1515496615751, -0.29688102, 9.481039, 1.283292
1515496615771, -0.29688102, 9.155427, 0.6799533
1515496615790, 0.21068975, 8.686164, 0.37349546
1515496615811, -0.009576807, 8.149862, 0.05746084
1515496615831, -0.31603462, 7.73806, 0.545878
1515496615851, -0.6607997, 7.2304893, 0.40222588
1515496615871, -0.5554548, 7.345411, 0.33518824
1515496615891, -0.40222588, 7.8912888, 0.047884032
1515496615911, 0.89064306, 8.628703, 0.62249243
1515496615931, 1.0342951, 8.571242, 0.94810385
1515496615951, 0.93852705, 7.785944, 0.58418524
1515496615971, 0.94810385, 7.6710224, -0.019153614
1515496615991, 0.81402856, 8.322245, -0.63206923
1515496616012, 0.59376204, 9.155427, -0.34476504
1515496616031, 0.47884035, 10.304645, -0.5267244
1515496616055, 1.2066777, 10.927136, -0.50757074
1515496616071, 1.7046716, 11.990162, 0.0
1515496616091, 1.7429788, 12.909535, 0.79487497
1515496616111, 1.4077905, 12.77546, 0.30645782
1515496616131, 0.93852705, 13.129802, 0.49799395
1515496616151, 0.49799395, 15.303738, -1.9919758
1515496616171, -1.0726024, 14.633361, -0.49799395
1515496616191, -0.5554548, 12.842498, -5.305551
1515496616211, -0.7565677, 10.534488, -4.2904096
1515496616231, -1.4077905, 10.151415, -2.9400797
1515496616251, -3.2465374, 10.869676, -2.3942018
1515496616271, -4.4819455, 12.708423, -1.3215994
1515496616291, -4.0797195, 13.857639, 0.05746084
1515496616311, -2.6048915, 14.077906, 6.540959
1515496616331, -1.0630256, 11.674128, 0.02873042
1515496616351, -0.6991069, 8.312668, -1.3120226
1515496616371, -0.46926352, 6.1770406, 0.7469909
1515496616391, 0.7086837, 5.2863975, 1.5035586
1515496616411, 0.9864111, 5.9759274, 0.9576807
1515496616431, 0.51714754, 5.0757074, 1.2449849
1515496616450, 0.36391866, 4.2042184, 1.4173675
1515496616471, 0.17238252, 4.098873, 2.0590134
1515496616491, 0.08619126, 4.414908, 2.7485435
1515496616511, 0.16280572, 5.363012, 3.4572272
1515496616531, 0.35434186, 6.8091097, 3.3135753
1515496616551, 0.49799395, 8.207323, 3.7253778
1515496616570, 0.47884035, 9.136273, 4.606444
1515496616591, 0.9864111, 10.496181, 5.0661306
1515496616611, 1.8291701, 12.401965, 5.48751
1515496616631, 1.2162545, 12.689269, 7.2304893
1515496616651, 1.1683705, 11.348516, 7.651869
1515496616671, 0.6512229, 12.641385, 5.3821654
1515496616691, -0.6512229, 14.78659, 4.367024
1515496616711, -2.8060043, 13.694834, 3.1028855
1515496616731, -3.5625722, 10.170568, 3.1028855
1515496616751, -0.82360536, 8.724471, 2.3463178
1515496616771, 0.90979666, 9.56723, -0.10534488
1515496616791, 2.72939, 7.785944, -4.2425256
1515496616811, 1.4652514, 8.647857, -1.8195933
1515496616831, 1.2545617, 8.303091, -0.9864111
1515496616851, 0.0, 9.193734, 2.336741
1515496616871, -0.7469909, 9.691729, 1.0726024
1515496616891, -1.0630256, 9.854534, 0.2873042
1515496616911, -1.043872, 9.260772, 0.89064306
1515496616931, -1.1013328, 8.341399, 1.2162545
1515496616951, -0.6799533, 7.0581064, 0.6703765
1515496616971, -0.80445176, 6.588843, -0.038307227
1515496616991, -0.6607997, 6.943185, -1.1013328
1515496617010, 0.12449849, 7.9104424, -0.9768343
1515496617031, 0.19153613, 8.274361, -0.1340753
1515496617051, -0.23942018, 7.517793, 0.4213795
1515496617071, -0.6991069, 7.393295, 0.1340753
1515496617091, -0.90979666, 8.63828, 0.4405331
1515496617111, -1.1300632, 9.452309, 0.31603462
1515496617131, -0.35434186, 10.247183, -0.5554548
1515496617151, 1.5897499, 12.11466, -1.2449849
1515496617170, 3.1124623, 13.503298, -0.31603462
1515496617191, 1.043872, 13.168109, 0.08619126
1515496617210, 0.12449849, 13.397953, 1.1875241
1515496617231, 1.3024458, 14.920665, -0.46926352
1515496617250, 0.5363012, 15.198392, 0.2777274
1515496617271, 0.35434186, 13.206416, -2.767697
1515496617291, -0.48841715, 11.051635, -4.4436383
1515496617311, -0.6799533, 9.595961, -3.4955344
1515496617331, -1.3982137, 9.337387, -3.0933087
1515496617351, -3.323152, 10.7356, -2.7964275
1515496617371, -3.7062242, 12.449849, -1.7621324
1515496617391, -3.2273839, 14.020445, 2.0207062
1515496617411, -1.8195933, 12.708423, 6.0716953
1515496617431, -0.7278373, 11.300632, 1.0726024
1515496617451, -1.043872, 8.8777, 0.0
1515496617471, -0.38307226, 7.2783732, 0.29688102
1515496617491, -0.39264908, 6.789956, 0.5554548
1515496617511, 0.31603462, 5.315128, 1.9249382
1515496617531, 0.30645782, 3.016694, 0.08619126
1515496617551, 0.05746084, 3.466804, 0.58418524
1515496617571, -0.30645782, 4.012682, 1.4556746
1515496617591, -0.4309563, 5.5258174, 3.0550013
1515496617611, -0.4309563, 6.531382, 3.5338416
1515496617631, -0.62249243, 8.0445175, 3.9552212
1515496617650, -0.5746084, 9.088389, 4.3382936
1515496617671, -0.2681506, 10.084377, 4.280833
1515496617691, 0.46926352, 12.047623, 4.6926355
1515496617711, -0.11492168, 14.106636, 6.5601125
1515496617731, -0.79487497, 12.449849, 8.178593
1515496617751, 0.23942018, 8.781932, 8.159439
1515496617771, 0.39264908, 8.916007, 5.5258174
1515496617791, 0.17238252, 13.417107, 5.439626
1515496617810, -0.9864111, 12.727576, 4.501099
1515496617831, -4.903325, 11.501745, 0.7565677
1515496617850, -3.6391866, 10.429143, 3.3518825
1515496617871, -2.8060043, 10.620679, 0.21068975
1515496617891, -1.0821792, 9.77792, -0.20111294
1515496617911, 0.12449849, 9.260772, -0.93852705
1515496617931, 1.3024458, 8.073248, -1.4939818
1515496617951, 1.1300632, 8.839393, 1.0342951
1515496617971, 1.1587936, 9.203311, 0.9768343
1515496617991, 0.7278373, 9.605537, -0.22026655
1515496618011, -0.22984336, 9.270349, 0.6799533
1515496618031, -0.641646, 8.90643, 1.1204864
1515496618051, -1.3599066, 8.015787, 0.90021986
1515496618071, -1.0342951, 6.8665705, 0.45968673
1515496618091, -0.6607997, 6.646304, 0.25857377
1515496618111, -0.34476504, 7.642292, -0.4405331
1515496618131, 0.34476504, 8.465898, 0.1436521
1515496618151, 0.80445176, 8.293514, 0.8714894
1515496618171, 0.7086837, 7.73806, 0.49799395
1515496618191, 0.62249243, 7.4507556, -0.20111294
1515496618211, 0.32561144, 7.9487495, -0.25857377
1515496618231, 0.37349546, 10.0269165, -0.51714754
1515496618251, 0.6607997, 11.070788, -0.4405331
1515496618271, 0.82360536, 10.611102, 1.1109096
1515496618291, 1.6663644, 11.233594, 0.41180268
1515496618311, 2.767697, 13.579912, 0.40222588
1515496618331, 2.5474305, 13.800179, -0.2777274
1515496618351, 1.292869, 16.01242, -2.4420857
1515496618371, 0.15322891, 15.409082, 0.9768343
1515496618391, 0.80445176, 14.106636, -2.3080103
1515496618411, -0.038307227, 12.852075, -4.0892963
1515496618431, -1.4269443, 9.576807, -3.4955344
1515496618451, -2.6048915, 10.208876, -2.528277
1515496618471, -4.213795, 11.559206, -2.7485435
1515496618491, -3.323152, 12.593501, -1.6950948
1515496618511, -2.4229321, 14.058752, 0.8331822
1515496618531, -1.1492168, 12.411542, 4.261679
1515496618551, -1.0151415, 11.434708, 0.2777274
1515496618570, -0.92895025, 8.552089, -0.18195933
1515496618590, -0.545878, 6.9719152, 1.1300632
1515496618611, -0.37349546, 6.895301, 0.22026655
1515496618631, 0.45968673, 3.9743748, 1.685518
1515496618651, 0.7182605, 3.5913026, 0.21068975
1515496618671, 0.45010993, 3.7732618, 0.8714894
1515496618691, -0.019153614, 3.9552212, 1.5131354
1515496618711, -0.33518824, 4.6830587, 2.087744
1515496618731, -0.18195933, 5.4779334, 2.9496565
1515496618751, 0.19153613, 7.0581064, 3.514688
1515496618771, 0.5267244, 8.37013, 4.0318356
1515496618791, 0.79487497, 9.586384, 4.10845
1515496618811, 0.30645782, 10.726024, 4.5202527
1515496618831, -0.29688102, 12.813767, 5.6215854
1515496618851, -1.0342951, 11.291056, 6.3206925
1515496618871, -1.1204864, 9.720459, 5.544971
1515496618891, -1.0151415, 14.480132, 5.1523223
1515496618911, -0.9864111, 17.707516, 6.9527617
1515496618931, -4.4723687, 11.33894, 2.3175871
1515496618951, -2.7389667, 8.456321, 4.462792
1515496618971, -0.7182605, 9.32781, 0.8714894
1515496618991, 0.5650316, 10.821792, -0.49799395
1515496619011, 1.1013328, 10.237606, -2.183512
1515496619031, 1.2066777, 10.055647, -1.2737153
1515496619051, 0.90021986, 7.52737, -1.8579005
1515496619071, 0.0, 8.178593, -0.45968673
1515496619091, -1.2162545, 9.174581, 0.40222588
1515496619111, -2.183512, 10.477027, 1.091756
1515496619131, -2.0685902, 10.1226845, 0.545878
1515496619151, -1.9536686, 9.030929, 0.7182605
1515496619171, -1.484405, 7.393295, 0.62249243
1515496619191, -1.1779473, 6.1195793, -0.019153614
1515496619211, -0.9864111, 5.793968, -1.0151415
1515496619231, -0.81402856, 6.6271505, -1.8291701
1515496619251, -0.019153614, 7.8625584, -0.9672575
1515496619271, 0.81402856, 8.082825, 1.091756
1515496619291, 0.6895301, 8.39886, -0.16280572
1515496619311, 0.5267244, 9.059659, -0.63206923
1515496619331, -0.641646, 9.500193, 0.45968673
1515496619351, -0.61291564, 10.237606, -0.7086837
1515496619370, 1.4652514, 11.654974, -0.7182605
1515496619391, 2.585738, 11.942278, 0.45010993
1515496619411, 1.685518, 12.325351, 0.63206923
1515496619431, 0.90021986, 13.64695, 0.9672575
1515496619451, 0.7278373, 14.020445, 0.1340753
1515496619471, 1.6472107, 16.74026, -1.934515
1515496619491, 1.733402, 14.595054, -0.81402856
1515496619511, 1.2641385, 12.890382, -5.0757074
1515496619531, 0.20111294, 10.726024, -3.9073372
1515496619551, -0.6895301, 9.184157, -2.6719291
1515496619571, -2.585738, 9.337387, -1.9057846
1515496619590, -2.9783869, 11.386824, -3.074155
1515496619611, -1.7812861, 13.350069, -0.6991069
1515496619631, -1.484405, 13.790602, 7.067683
1515496619650, 0.038307227, 13.101071, 2.1068976
1515496619671, -1.0055647, 9.682152, -0.22984336
1515496619691, -0.5363012, 6.847417, 0.8523358
1515496619711, 0.038307227, 6.483498, 1.3120226
1515496619731, 0.7469909, 3.964798, 0.45010993
1515496619750, 0.545878, 2.9783869, 0.50757074
1515496619771, -0.076614454, 3.9935284, 1.3599066
1515496619791, -0.34476504, 4.7979803, 2.2888567
1515496619811, -0.12449849, 5.439626, 3.2752678
1515496619831, -0.2681506, 6.483498, 3.1124623
1515496619851, -0.9864111, 9.069236, 2.8634653
1515496619871, -1.0247183, 9.576807, 4.1946416
1515496619891, -0.8331822, 9.998186, 4.8458643
1515496619911, 0.25857377, 12.890382, 5.1810527
1515496619931, 0.32561144, 14.968549, 7.3166804
1515496619951, -2.2218192, 13.302185, 6.5984197
1515496619971, -3.2273839, 15.006856, 6.694188
1515496619990, -1.3790601, 11.501745, 6.991069
1515496620011, -3.3997664, 4.3287168, 1.9440918
1515496620030, -2.1547816, 8.465898, 1.4077905
1515496620051, -0.22026655, 10.745177, 1.1013328
1515496620071, 0.7565677, 10.208876, -1.2066777
1515496620091, 0.7374141, 10.247183, -2.7006595
1515496620111, 0.21068975, 7.52737, -1.3694834
1515496620131, 0.10534488, 8.437167, 0.93852705
1515496620151, 0.10534488, 10.084377, 2.2601264
1515496620171, -0.35434186, 10.563218, 0.80445176
1515496620191, -0.9672575, 9.80665, 0.7374141
1515496620211, -1.1300632, 9.002198, 0.12449849
1515496620231, -0.60333884, 8.695741, -0.34476504
1515496620251, -0.5267244, 8.7532015, -0.08619126
1515496620271, -0.81402856, 7.690176, -0.2681506
1515496620291, -0.7661445, 6.090849, -0.6991069
1515496620311, -0.9768343, 5.6982, -1.0342951
1515496620331, -0.39264908, 6.157887, -0.59376204
1515496620351, -0.20111294, 7.536947, 0.46926352
1515496620371, 0.22026655, 9.097966, 1.292869
1515496620391, 0.6607997, 10.007763, 1.4077905
1515496620411, 0.91937345, 10.91756, 0.41180268
1515496620431, 1.4939818, 11.377247, -0.038307227
1515496620451, 2.4037786, 11.760319, -0.12449849
1515496620471, 2.9400797, 12.200851, 0.45968673
1515496620491, 2.078167, 13.254301, -0.9672575
1515496620511, -0.02873042, 16.558298, -1.0534488
1515496620531, -0.39264908, 15.44739, -5.1140146
1515496620551, -1.2162545, 13.283031, -4.7979803
1515496620571, -3.1507695, 10.620679, -2.815581
1515496620591, -5.171476, 11.099519, -2.585738
1515496620611, -3.964798, 12.603078, -3.0071173
1515496620631, -2.882619, 13.397953, -2.0015526
1515496620651, -2.0973208, 13.771448, 0.80445176
1515496620671, -1.1013328, 12.957419, 2.834735
1515496620691, -1.0726024, 10.649409, 0.5363012
1515496620711, -0.7374141, 9.126697, -0.7278373
1515496620731, 0.48841715, 5.363012, 4.5298295
1515496620751, 0.24899697, 5.5737014, 0.50757074
1515496620771, 0.5267244, 5.66947, 0.8523358
1515496620791, 0.4405331, 4.4819455, 1.0726024
1515496620811, 0.5267244, 3.964798, 1.532289
1515496620831, 0.80445176, 3.6487634, 1.8962077
1515496620851, 1.0151415, 3.86903, 2.2697031
1515496620871, 1.436521, 4.453215, 2.3558946
1515496620891, 1.4269443, 5.9567738, 2.9783869
1515496620911, 1.2066777, 7.642292, 4.0797195
1515496620931, 0.36391866, 10.6877165, 4.8841715
1515496620951, 0.17238252, 12.411542, 5.544971
1515496620971, -0.095768064, 12.804191, 5.985504
1515496620991, -0.076614454, 13.072341, 7.536947
1515496621011, 0.33518824, 9.883265, 7.4986396
1515496621031, -0.36391866, 12.785037, 5.4683566
1515496621051, 0.2777274, 15.121778, 4.548983
1515496621071, -2.6910827, 14.4130945, 2.1068976
1515496621091, -4.012682, 10.821792, 2.2601264
1515496621111, -4.1371803, 5.9759274, 1.0821792
1515496621131, -2.9975405, 9.701305, -0.5746084
1515496621151, -0.6703765, 10.132261, -0.5363012
1515496621171, 1.2737153, 9.270349, -1.9057846
1515496621191, 1.3311762, 10.314221, -1.6567876
1515496621211, 0.94810385, 9.232041, 1.0151415
1515496621231, 0.7565677, 8.810662, 0.22984336
1515496621251, 0.22026655, 9.11712, -0.11492168
1515496621271, -0.10534488, 8.6095495, 0.30645782
1515496621291, 0.076614454, 8.485051, 0.93852705
1515496621311, -0.4405331, 8.159439, 1.388637
1515496621331, -0.7565677, 7.5465236, 0.46926352
1515496621351, -0.5363012, 7.0581064, -0.30645782
1515496621371, -0.40222588, 7.067683, -0.18195933
1515496621391, -0.08619126, 7.326257, 0.25857377
1515496621411, 0.34476504, 7.642292, 0.32561144
1515496621431, 0.7469909, 8.149862, 0.4309563
1515496621451, 0.93852705, 9.165004, 1.0534488
1515496621471, 0.91937345, 10.007763, 0.25857377
1515496621491, 0.7182605, 10.534488, -0.641646
1515496621511, 1.8866309, 10.869676, -0.8810662
1515496621531, 3.064578, 12.306197, 0.02873042
1515496621551, 2.566584, 13.091495, 0.8810662
1515496621571, 1.6280571, 12.239159, -0.08619126
1515496621591, 0.81402856, 12.890382, -0.39264908
1515496621611, -0.17238252, 17.152061, -2.4612393
1515496621630, -0.7469909, 13.139379, -2.183512
1515496621651, -0.08619126, 12.172121, -5.104438
1515496621671, -1.2258313, 10.160992, -3.667917
1515496621691, -2.2505496, 9.375694, -2.3654714
1515496621710, -3.821146, 10.448297, -1.043872
1515496621731, -4.807557, 12.660539, -1.2737153
1515496621751, -3.6774938, 14.298173, -0.2777274
1515496621771, -1.6472107, 14.5088625, 2.930503
1515496621791, -1.3790601, 10.94629, 0.6512229
1515496621811, -0.7469909, 8.935161, -0.80445176
1515496621831, 0.06703765, 8.073248, 0.7182605
1515496621851, 0.59376204, 5.00867, 3.2944214
1515496621871, 0.94810385, 4.5394063, 0.17238252
1515496621891, 0.46926352, 4.6351743, 0.90979666
1515496621911, 0.15322891, 3.9264908, 0.8810662
1515496621931, -0.1340753, 4.146757, 1.3024458
1515496621951, -0.45968673, 4.3766007, 2.0973208
1515496621971, -0.50757074, 5.4204726, 3.2561142
1515496621991, 0.009576807, 7.07726, 3.5338416
1515496622011, 0.5363012, 8.561666, 3.9264908
1515496622031, 0.7469909, 9.56723, 3.821146
1515496622051, 0.6703765, 10.726024, 3.8786068
1515496622071, 0.9959879, 12.449849, 4.501099
1515496622091, 1.4269443, 12.038046, 5.363012
1515496622111, 1.5035586, 10.381259, 6.991069
1515496622131, 2.1164744, 8.619126, 7.1634517
1515496622151, 1.8004397, 7.795521, 4.960786
1515496622171, 0.49799395, 14.020445, 3.3423057
1515496622191, -0.9864111, 13.560759, 1.982399
1515496622211, -5.90889, 13.426683, -0.6991069
1515496622231, -4.4819455, 12.469003, 1.292869
1515496622251, -2.4995465, 9.040505, 0.30645782
1515496622271, -0.6895301, 7.9008656, 0.5554548
1515496622291, 0.82360536, 5.9184666, -1.043872
1515496622311, 1.3311762, 7.374141, 1.2162545
1515496622331, 1.0726024, 9.816227, -0.038307227
1515496622351, 0.80445176, 11.501745, -0.51714754
1515496622371, 1.3311762, 11.405977, 0.076614454
1515496622391, 0.2873042, 9.959879, 0.34476504
1515496622411, -0.5363012, 8.2169, 0.7757214
1515496622431, -1.2162545, 6.244078, 1.0726024
1515496622451, -1.4652514, 4.9416323, 0.23942018
1515496622471, -0.9672575, 5.985504, 0.02873042
1515496622491, -0.6895301, 8.025364, -0.46926352
1515496622511, 0.6799533, 8.8777, -0.15322891
1515496622531, 1.2162545, 8.695741, -0.19153613
1515496622551, 0.23942018, 7.6710224, -0.19153613
1515496622571, -0.29688102, 8.2169, 0.45010993
1515496622591, 0.009576807, 10.5440645, -0.12449849
1515496622611, 1.2737153, 10.840945, -0.29688102
1515496622631, 2.4133554, 11.291056, -1.0247183
1515496622651, 2.777274, 12.660539, 0.076614454
1515496622671, 2.1547816, 13.579912, -0.4213795
1515496622691, 0.40222588, 15.581465, -2.0111294
1515496622711, -0.15322891, 14.4130945, 0.41180268
1515496622731, 0.2681506, 14.451402, -1.8770541
1515496622752, -0.60333884, 12.564771, -3.466804
1515496622771, -1.3790601, 10.457873, -3.6487634
1515496622791, -2.3080103, 10.611102, -4.711789
1515496622811, -3.1028855, 11.597513, -3.6296098
1515496622831, -4.462792, 12.650962, -1.4748282
1515496622851, -4.1276035, 13.694834, 0.16280572
1515496622871, -3.6870706, 12.660539, 4.8745947
1515496622891, -2.566584, 11.434708, 1.1971009
1515496622911, -1.1683705, 8.523358, -0.22984336
1515496622931, 0.06703765, 7.699753, 1.340753
1515496622951, 0.9576807, 6.5696893, 1.8483237
1515496622971, 1.1971009, 5.583278, 1.2066777
1515496622991, 1.292869, 4.711789, 0.6895301
1515496623011, 0.6991069, 4.367024, 1.6663644
1515496623031, 0.11492168, 4.2999864, 1.4939818
1515496623051, 0.16280572, 4.654328, 2.183512
1515496623071, 0.33518824, 4.8841715, 2.9496565
1515496623091, 0.32561144, 6.5026517, 3.4955344
1515496623111, 0.7278373, 7.872135, 4.003105
1515496623131, 1.2162545, 9.854534, 4.1371803
1515496623151, 1.2258313, 11.789049, 4.414908
1515496623171, 0.92895025, 13.838486, 4.8458643
1515496623191, 0.5363012, 12.593501, 5.7843914
1515496623211, 0.7565677, 10.419566, 7.9870567
1515496623231, -0.06703765, 9.586384, 5.535394
1515496623251, -0.24899697, 14.403518, 4.510676
1515496623271, -1.9440918, 14.393941, 3.5913026
1515496623291, -4.0222588, 12.344504, 2.0015526
1515496623311, -3.3423057, 8.552089, 2.6719291
1515496623331, -3.0358477, 7.4603324, -0.24899697
1515496623351, -1.1013328, 10.275913, -0.8523358
1515496623371, 1.3694834, 9.730036, -1.8291701
1515496623391, 1.9919758, 9.481039, -1.4460979
1515496623411, 2.2984335, 9.883265, 0.545878
1515496623431, 1.4077905, 9.701305, 0.21068975
1515496623451, 0.58418524, 9.3661175, 0.7278373
1515496623471, 0.047884032, 8.8777, 0.7565677
1515496623491, -0.4309563, 8.561666, 1.3503298
1515496623511, -0.9576807, 7.5848308, 1.2162545
1515496623531, -1.3599066, 6.6079965, 0.59376204
1515496623551, -1.0630256, 6.38773, 0.095768064
1515496623571, -0.51714754, 7.4028716, 0.2873042
1515496623591, 0.30645782, 7.7667904, 0.7661445
1515496623611, 0.7469909, 7.824251, 0.17238252
1515496623631, 1.0055647, 7.6231384, -0.545878
1515496623651, 1.2641385, 8.408437, 0.05746084
1515496623671, 1.0726024, 9.634268, -0.18195933
1515496623691, 0.641646, 10.429143, -0.61291564
1515496623711, 0.90021986, 10.333375, -0.6512229
1515496623731, 2.0111294, 10.764331, -1.2545617
1515496623751, 3.1986535, 13.081918, -0.41180268
1515496623770, 3.0071173, 13.43626, 0.2873042
1515496623791, 1.5514427, 13.072341, -1.3024458
1515496623811, -0.12449849, 15.677233, -0.641646
1515496623831, -0.019153614, 12.947843, -0.6991069
1515496623851, 0.18195933, 12.689269, -3.169923
1515496623871, -1.0726024, 10.515334, -3.3518825
1515496623891, -2.183512, 10.5919485, -3.8977604
1515496623911, -3.1507695, 12.287044, -3.2561142
1515496623931, -5.0374002, 13.876793, -1.0055647
1515496623951, -4.7500963, 14.700398, 0.5267244
1515496623971, -3.572149, 13.8480625, 5.0182467
1515496623991, -2.1452048, 11.702858, 1.685518
1515496624011, -1.4077905, 8.63828, -1.1492168
1515496624031, -0.1340753, 7.728483, 0.49799395
1515496624051, 0.21068975, 7.0964136, 1.1109096
1515496624071, 0.91937345, 5.755661, 1.2354081
1515496624091, 1.0630256, 5.5258174, 0.91937345
1515496624111, 0.8714894, 4.357447, 1.1300632
1515496624131, 0.48841715, 4.6351743, 1.6567876
1515496624151, 0.095768064, 4.4723687, 1.9153614
1515496624171, -0.047884032, 4.6830587, 2.2601264
1515496624191, 0.20111294, 4.9799395, 2.8634653
1515496624211, 0.5363012, 5.861006, 3.1124623
1515496624231, 1.1971009, 7.0581064, 3.6774938
1515496624251, 1.1587936, 8.772355, 3.964798
1515496624271, 0.545878, 11.492168, 5.0757074
1515496624291, -0.038307227, 14.393941, 6.2249246
1515496624311, -0.32561144, 11.664551, 6.3685765
1515496624331, 0.29688102, 8.283937, 7.383718
1515496624351, -0.59376204, 12.947843, 4.4244847
1515496624371, -0.7661445, 15.322891, 4.0414124
1515496624391, -3.3806129, 14.499286, 1.8291701
1515496624411, -2.6240451, 12.804191, 3.8498764
1515496624431, -1.7525556, 6.5026517, 1.5514427
1515496624451, -1.5035586, 7.967903, -1.3120226
1515496624471, 0.32561144, 9.797073, -0.4405331
1515496624491, 2.27928, 8.552089, -1.8674773
1515496624511, 1.292869, 9.241618, -1.1109096
1515496624531, 0.2681506, 9.069236, 1.733402
1515496624551, -0.10534488, 8.887277, 1.091756
1515496624571, 0.06703765, 9.749189, 0.16280572
1515496624591, 0.32561144, 9.902418, 0.31603462
1515496624611, -0.10534488, 9.270349, 0.019153614
1515496624631, -0.29688102, 8.360553, 0.18195933
1515496624651, -0.6512229, 7.07726, -0.08619126
1515496624671, -0.48841715, 6.5984197, -0.48841715
1515496624691, -0.12449849, 7.1730285, -0.79487497
1515496624711, 0.8331822, 8.542512, -0.40222588
1515496624731, 0.5363012, 8.762778, 0.49799395
1515496624751, 0.22026655, 7.8912888, 0.7757214
1515496624771, 0.32561144, 7.28795, 0.34476504
1515496624791, 0.6991069, 8.207323, -0.1340753
1515496624811, 1.1013328, 9.346964, -0.9768343
1515496624831, 1.2354081, 10.1226845, -1.1204864
1515496624851, 1.5131354, 10.783484, -0.61291564
1515496624871, 2.3463178, 11.089942, -0.7469909
1515496624891, 2.3463178, 11.377247, -0.62249243
1515496624911, 1.7525556, 12.363658, 0.02873042
1515496624931, 1.4460979, 12.871228, 0.33518824
1515496624951, 0.5267244, 14.681245, -1.7142484
1515496624971, -0.15322891, 14.700398, 1.1109096
1515496624991, 0.92895025, 13.283031, -1.8770541
1515496625011, 0.7661445, 12.603078, -3.6583402
1515496625031, -0.6607997, 10.381259, -3.7732618
1515496625051, -2.0398598, 9.730036, -3.3518825
1515496625071, -3.6583402, 10.840945, -3.2752678
1515496625091, -4.10845, 12.708423, -1.8387469
1515496625111, -3.3901896, 14.5567465, 0.095768064
1515496625131, -1.9440918, 15.112201, 4.2425256
1515496625151, -2.087744, 11.271901, -0.1340753
1515496625171, -0.7086837, 8.801085, -0.46926352
1515496625191, 0.50757074, 7.489063, 2.8060043
1515496625211, 1.0726024, 6.0716953, 1.2545617
1515496625231, 0.9768343, 5.947197, 0.47884035
1515496625251, 0.8714894, 4.4819455, 1.0534488
1515496625271, 0.34476504, 3.821146, 0.8523358
1515496625291, 0.50757074, 3.1316159, 0.90021986
1515496625311, 0.45010993, 3.6583402, 1.7812861
1515496625331, 0.40222588, 4.8937483, 2.930503
1515496625351, 0.51714754, 6.0142345, 3.1890767
1515496625371, 0.7182605, 7.240066, 4.060566
1515496625391, 1.1109096, 8.389283, 5.133168
1515496625411, 1.7908629, 10.524911, 5.1906295
1515496625431, 1.9057846, 12.689269, 5.707777
1515496625451, 1.340753, 13.072341, 5.650316
1515496625471, 0.5267244, 12.890382, 7.2209125
1515496625491, -0.48841715, 14.077906, 5.363012
1515496625511, 0.6895301, 19.096153, 8.810662
1515496625531, -0.7565677, 16.883911, 3.8019924
1515496625551, -2.882619, 2.8921957, 1.934515
1515496625571, -2.8921957, 6.847417, 0.22026655
1515496625591, -0.641646, 9.356541, 1.1109096
1515496625611, 1.13964, 8.523358, -1.1204864
1515496625631, 1.8866309, 11.18571, -1.0055647
1515496625651, 1.8579005, 10.007763, -0.9768343
1515496625671, 1.7238252, 8.66701, -0.6703765
1515496625691, 1.3120226, 8.350976, 0.45010993
1515496625711, 0.94810385, 8.456321, 2.3080103
1515496625731, 0.60333884, 8.293514, 1.436521
1515496625751, -0.1436521, 7.9870567, 1.3120226
1515496625771, -0.2873042, 7.795521, 0.9864111
1515496625791, -0.2777274, 8.073248, 0.1436521
1515496625811, -0.25857377, 8.293514, 0.11492168
1515496625831, 0.17238252, 7.97748, 0.12449849
1515496625851, 0.076614454, 7.4507556, 0.2681506
1515496625871, -0.11492168, 6.8665705, 0.50757074
1515496625891, -0.15322891, 6.943185, 0.24899697
1515496625911, 0.047884032, 7.7093296, -0.5554548
1515496625931, 0.32561144, 8.197746, -0.47884035
1515496625951, 0.21068975, 8.887277, -0.842759
1515496625971, 0.62249243, 10.1226845, -1.2641385
1515496625991, 2.0590134, 11.884817, -0.7469909
1515496626011, 2.8921957, 13.417107, 0.29688102
1515496626031, 2.3558946, 12.5264635, 0.02873042
1515496626051, 1.8483237, 11.779472, -0.48841715
1515496626071, 1.0630256, 14.834474, -3.0454245
1515496626091, -0.47884035, 13.88637, 0.17238252
1515496626111, 0.16280572, 12.74673, -3.2561142
1515496626131, -0.7661445, 12.325351, -3.4476504
1515496626151, -2.3654714, 10.429143, -2.8538885
1515496626171, -3.7445314, 10.151415, -2.384625
1515496626191, -4.5681367, 12.373235, -2.2505496
1515496626211, -4.098873, 14.5088625, -0.4309563
1515496626231, -3.5051112, 15.897499, 2.183512
1515496626251, -2.4899697, 14.4609785, 3.3518825
1515496626271, -2.2409728, 11.166556, 0.7086837
1515496626291, -1.5897499, 9.595961, -0.8810662
1515496626311, -0.7086837, 8.24563, 0.7757214
1515496626331, 0.10534488, 5.583278, 1.8674773
1515496626351, 0.62249243, 5.5641246, 0.92895025
1515496626371, 1.0821792, 3.964798, 1.1204864
1515496626391, 0.8331822, 3.6104562, 1.2545617
1515496626411, 1.0151415, 3.5529952, 1.283292
1515496626431, 0.7374141, 4.232949, 1.9249382
1515496626450, 0.79487497, 5.583278, 2.9017725
1515496626471, 0.9864111, 6.8761473, 3.5625722
1515496626491, 1.2641385, 7.785944, 4.596867
1515496626511, 0.81402856, 8.983045, 4.3478703
1515496626531, 0.31603462, 11.60709, 4.4244847
1515496626551, 0.41180268, 13.64695, 5.7748146
1515496626570, 0.4309563, 13.426683, 6.5218053
1515496626591, 0.91937345, 10.036493, 7.8625584
1515496626611, 0.32561144, 11.329363, 5.0278234
1515496626631, 0.39264908, 16.845604, 4.0701427
1515496626651, -1.8291701, 15.7825775, 3.3901896
1515496626671, -2.480393, 12.717999, 2.4995465
1515496626691, -2.585738, 4.8841715, 0.019153614
1515496626711, -2.4516625, 6.8665705, -0.5554548
1515496626731, -0.22984336, 10.180145, -0.02873042
1515496626751, 1.3694834, 9.998186, -0.545878
1515496626770, 1.091756, 11.291056, -1.2258313
1515496626791, 0.29688102, 8.801085, 0.4405331
1515496626810, 0.41180268, 8.283937, 1.8387469
1515496626831, 0.12449849, 8.935161, 0.37349546
1515496626850, -0.10534488, 8.561666, 0.12449849
1515496626871, 0.31603462, 8.312668, 0.51714754
1515496626891, -0.4213795, 8.226477, 0.5554548
1515496626911, -0.6607997, 7.4603324, 0.5650316
1515496626931, 0.0, 7.1251445, 0.23942018
1515496626951, 0.24899697, 7.728483, -0.05746084
1515496626971, 0.641646, 7.9104424, 0.46926352
1515496626991, 0.82360536, 7.9583263, 0.641646
1515496627011, 0.78529817, 7.9583263, 0.30645782
1515496627031, 0.9672575, 7.833828, 0.0
1515496627051, 1.2258313, 8.360553, -0.2777274
1515496627071, 1.5227122, 9.174581, -0.641646
1515496627091, 1.3982137, 10.323798, -1.2354081
1515496627111, 1.4269443, 11.128249, -1.0821792
1515496627131, 1.3311762, 12.861651, 0.15322891
1515496627151, 1.091756, 12.679692, 0.545878
1515496627171, 0.90979666, 11.990162, -0.1340753
1515496627191, 0.7086837, 14.566323, -2.3750482
1515496627211, -0.009576807, 13.43626, -0.49799395
1515496627231, 0.20111294, 12.564771, -3.9552212
1515496627251, -0.7278373, 11.080365, -4.2425256
1515496627271, -1.9153614, 10.601525, -2.5187001
1515496627291, -3.572149, 11.080365, -2.3942018
1515496627311, -4.156334, 12.842498, -1.7142484
1515496627331, -4.060566, 13.972561, -0.25857377
1515496627351, -3.016694, 14.911088, 3.4380736
1515496627371, -1.5705963, 13.254301, 2.5378537
1515496627391, -1.5801731, 9.835381, -0.92895025
1515496627411, -0.076614454, 8.39886, 0.5554548
1515496627431, 0.23942018, 7.575254, 1.6472107
1515496627451, 1.1300632, 5.1140146, 1.2545617
1515496627471, 0.90979666, 5.3725886, 0.5363012
1515496627491, 0.8523358, 4.5681367, 1.0055647
1515496627511, 0.7086837, 3.8594532, 1.1779473
1515496627531, 0.5554548, 4.050989, 2.087744
1515496627551, 0.60333884, 4.501099, 2.815581
1515496627571, 0.7661445, 5.3247046, 3.3997664
1515496627591, 0.9768343, 6.205771, 3.572149
1515496627611, 1.541866, 7.2783732, 4.280833
1515496627631, 1.5993267, 9.490616, 3.572149
1515496627650, 1.0055647, 11.731588, 3.8881836
1515496627672, 0.17238252, 13.196839, 4.7884035
1515496627691, 0.11492168, 11.702858, 6.789956
1515496627711, 0.7757214, 9.56723, 8.963891
1515496627731, 1.1683705, 9.768343, 6.1866174
1515496627751, 0.61291564, 16.338032, 2.585738
1515496627771, -0.81402856, 14.700398, 3.4380736
1515496627792, -4.644751, 14.623784, 0.08619126
1515496627811, -2.27928, 10.821792, 3.122039
1515496627831, -2.2888567, 5.8226986, -0.4213795
1515496627851, -0.7661445, 8.7053175, -0.1340753
1515496627871, 2.1643584, 7.3645644, -1.0726024
1515496627891, 2.1452048, 8.054094, -1.2354081
1515496627911, 1.4748282, 10.04607, 0.78529817
1515496627931, 0.62249243, 10.208876, 0.82360536
1515496627951, 0.45010993, 9.442732, 0.23942018
1515496627971, 0.7086837, 8.90643, 0.5650316
1515496627991, 0.34476504, 8.283937, 0.08619126
1515496628011, -0.20111294, 8.236053, 1.0726024
1515496628031, -0.9959879, 7.479486, 1.3215994
1515496628051, -0.62249243, 6.8282633, 0.2681506
1515496628071, 0.009576807, 7.3166804, -0.5267244
1515496628091, 0.50757074, 7.8529816, -0.6895301
1515496628111, 1.0151415, 7.9583263, -0.29688102
1515496628131, 0.81402856, 8.322245, -0.15322891
1515496628151, 0.24899697, 8.791509, 0.18195933
1515496628171, 0.1340753, 9.212888, 0.45968673
1515496628191, 0.6607997, 10.170568, -0.22026655
1515496628211, 1.541866, 11.81778, -0.18195933
1515496628231, 2.4708161, 12.287044, -0.20111294
1515496628251, 2.72939, 11.9135475, -0.5267244
1515496628271, 2.3080103, 12.258312, -0.18195933
1515496628291, 0.78529817, 14.834474, -2.873042
1515496628311, -1.2354081, 14.729129, -0.37349546
1515496628331, -0.20111294, 14.077906, -3.5242648
1515496628351, -1.0821792, 12.832921, -3.8115692
1515496628371, -2.3750482, 10.534488, -2.719813
1515496628391, -3.323152, 9.816227, -1.0342951
1515496628410, -3.86903, 11.166556, -1.6950948
1515496628431, -3.371036, 12.976573, -1.1300632
1515496628451, -2.873042, 14.537593, 0.92895025
1515496628471, -1.6472107, 12.966996, 2.2505496
1515496628491, -2.0590134, 9.56723, -0.8619126
1515496628511, -0.5746084, 8.063671, 0.92895025
1515496628531, 0.5554548, 6.3685765, 4.501099
1515496628551, 1.043872, 6.215348, 1.283292
1515496628570, 0.79487497, 4.8362875, 0.6895301
1515496628591, 0.7182605, 3.6870706, 0.90021986
1515496628611, 0.36391866, 3.2752678, 1.1492168
1515496628632, 0.4213795, 3.7445314, 1.8004397
1515496628651, 0.7182605, 4.7309427, 3.217807
1515496628671, 1.2545617, 6.0142345, 3.4763808
1515496628691, 1.5035586, 7.1155677, 4.3287168
1515496628711, 1.1779473, 8.418014, 4.4340615
1515496628731, 0.82360536, 10.237606, 4.0222588
1515496628751, 0.93852705, 13.244724, 5.851429
1515496628770, 0.59376204, 12.880805, 7.1347213
1515496628791, 0.6703765, 10.151415, 8.39886
1515496628811, -0.1436521, 9.950302, 4.9895163
1515496628830, -0.7565677, 16.395493, 2.9592333
1515496628851, -2.2984335, 16.328455, 2.9017725
1515496628871, -2.9496565, 14.5088625, 3.9935284
1515496628891, -1.934515, 4.462792, -1.8100165
1515496628911, -0.6991069, 7.6135616, -1.043872
1515496628931, 1.2066777, 6.7324953, -2.9783869
1515496628951, 1.2354081, 9.921572, -0.545878
1515496628971, 0.842759, 12.105083, 2.8060043
1515496628991, 1.0247183, 11.070788, 1.9728222
1515496629011, 1.0247183, 10.055647, 0.33518824
1515496629031, 0.90021986, 8.925584, 0.7565677
1515496629051, 0.48841715, 7.5082164, 0.25857377
1515496629071, 0.45010993, 6.8761473, 0.02873042
1515496629091, -0.4309563, 7.603985, 0.12449849
1515496629110, -0.79487497, 7.8625584, 0.08619126
1515496629131, -0.50757074, 7.632715, 0.30645782
1515496629151, -0.05746084, 7.785944, 0.35434186
1515496629171, -0.22026655, 7.824251, 0.5267244
1515496629191, 0.047884032, 7.28795, 0.4213795
1515496629211, 0.20111294, 7.297527, -0.545878
1515496629231, 0.33518824, 8.255207, -1.0342951
1515496629251, 0.37349546, 9.825804, -0.17238252
1515496629271, 0.6799533, 10.658986, -0.63206923
1515496629291, 0.59376204, 10.812215, -0.2777274
1515496629311, 1.8004397, 11.36767, -0.20111294
1515496629331, 2.5474305, 12.641385, -0.23942018
1515496629351, 1.8770541, 12.74673, -0.34476504
1515496629371, 0.51714754, 14.5759, -2.3463178
1515496629391, -0.93852705, 15.035586, -0.81402856
1515496629411, 0.0, 12.813767, -3.8115692
1515496629431, -0.41180268, 11.9135475, -4.2904096
1515496629451, -2.0973208, 10.524911, -3.0071173
1515496629470, -3.6870706, 10.496181, -1.1683705
1515496629491, -5.21936, 11.999739, -0.31603462
1515496629511, -4.4915223, 13.532028, -0.1340753
1515496629531, -3.074155, 14.403518, 2.327164
1515496629551, -1.3694834, 13.88637, 3.122039
1515496629571, -1.340753, 10.429143, -0.2681506
1515496629591, -0.6512229, 8.236053, 0.22026655
1515496629611, -0.22026655, 8.207323, 1.5801731
1515496629631, 1.3120226, 5.765238, 4.003105
1515496629651, 1.0726024, 4.596867, 0.36391866
1515496629671, 0.6991069, 4.414908, 1.0630256
1515496629691, 0.48841715, 3.8402996, 1.6280571
1515496629711, 0.25857377, 3.8881836, 2.3942018
1515496629731, 0.2777274, 4.9895163, 3.3806129
1515496629751, 0.63206923, 5.7269306, 3.3997664
1515496629771, 0.8810662, 6.6750345, 3.763685
1515496629791, 1.2737153, 8.082825, 3.916914
1515496629811, 1.388637, 10.036493, 3.5338416
1515496629831, 1.1300632, 12.11466, 4.146757
1515496629850, 0.4309563, 14.250289, 5.5258174
1515496629871, 0.19153613, 12.938266, 6.493075
1515496629891, 0.58418524, 9.346964, 8.063671
1515496629911, 2.1260512, 6.397307, 7.1059904
1515496629931, 1.5035586, 8.676587, 4.721366
1515496629951, 0.2873042, 16.500837, 1.2258313
1515496629971, -1.5514427, 14.777013, 1.1109096
1515496629991, -7.7189064, 15.600618, -3.2273839
1515496630011, -3.6104562, 8.619126, 3.3614593
1515496630031, -2.1930888, 6.991069, -0.1340753
1515496630051, 0.33518824, 7.967903, 0.29688102
1515496630071, 3.2082303, 6.943185, -1.5035586
1515496630092, 2.7485435, 8.647857, 0.7469909
1515496630111, 1.3790601, 12.028469, 1.3311762
1515496630131, 0.7661445, 11.674128, 0.1436521
1515496630151, 0.40222588, 9.461885, 0.37349546
1515496630171, -0.35434186, 8.283937, 0.5267244
1515496630191, -0.62249243, 7.8625584, 0.8619126
1515496630211, -0.91937345, 6.9048777, 0.91937345
1515496630231, -1.0821792, 5.793968, 0.009576807
1515496630251, -0.90979666, 5.90889, -0.9864111
1515496630271, 0.58418524, 7.431602, -1.3599066
1515496630291, 1.4173675, 9.346964, -0.641646
1515496630311, 1.3503298, 9.634268, 0.40222588
1515496630331, 0.9864111, 8.992621, 0.45010993
1515496630351, 0.5650316, 9.576807, -0.2873042
1515496630371, 0.38307226, 10.821792, -0.545878
1515496630391, 0.2681506, 11.36767, -0.45010993
1515496630411, 1.1300632, 11.319786, -1.0151415
1515496630431, 2.087744, 12.133814, -0.009576807
1515496630451, 1.8387469, 12.162544, 0.7086837
1515496630471, 0.6799533, 11.60709, 1.0534488
1515496630491, 0.23942018, 11.942278, -0.9576807
1515496630511, -0.2681506, 17.27656, -6.9048777
1515496630531, -0.35434186, 13.570335, -3.6104562
1515496630551, -0.9576807, 12.679692, -3.2082303
1515496630571, -4.9703627, 10.668563, -1.6663644
1515496630591, -5.6886234, 9.557653, 0.4405331
1515496630611, -3.821146, 9.337387, 0.08619126
1515496630631, -1.13964, 10.180145, 0.08619126
1515496630651, 0.6991069, 12.871228, 1.9153614
1515496630671, 0.78529817, 11.492168, -1.1779473
1515496630691, 0.35434186, 7.9008656, -0.81402856
1515496630711, -0.59376204, 8.082825, 0.7182605
1515496630731, -0.6799533, 9.404425, 1.733402
1515496630751, -0.32561144, 8.983045, 2.9879637
1515496630771, -0.45968673, 7.4986396, 2.4899697
1515496630791, -0.22984336, 5.841852, 2.432509
1515496630811, 0.25857377, 4.7500963, 2.0015526
1515496630831, 0.58418524, 4.0797195, 1.8291701
1515496630851, 0.8714894, 3.514688, 1.3120226
1515496630871, 0.79487497, 4.673482, 2.030283
1515496630891, 0.91937345, 5.6215854, 2.72939
1515496630911, 0.8523358, 6.655881, 3.9743748
1515496630931, 0.02873042, 7.603985, 2.825158
1515496630951, 1.1587936, 10.43872, 4.4436383
1515496630971, 1.9728222, 13.005303, 4.0797195
1515496630991, 2.3080103, 11.779472, 5.746084
1515496631011, 2.5761611, 11.84651, 8.781932
1515496631031, 0.93852705, 11.18571, 4.5298295
1515496631051, 1.2258313, 16.931795, 6.4260373
1515496631071, -3.3997664, 14.097059, 2.566584
1515496631091, -4.414908, 10.141838, 0.38307226
1515496631111, -3.9456444, 8.532935, 0.4309563
1515496631131, -2.72939, 9.768343, -0.29688102
1515496631151, -0.4405331, 8.513782, -0.22026655
1515496631170, 1.1875241, 9.940725, -0.19153613
1515496631191, 2.384625, 10.429143, -0.038307227
1515496631211, 1.6472107, 9.816227, -0.545878
1515496631231, 0.5746084, 9.011775, 0.89064306
1515496631251, -0.47884035, 9.107543, 1.2641385
1515496631271, -0.22984336, 9.136273, 0.6895301
1515496631291, -0.4309563, 9.32781, 0.7374141
1515496631311, -0.49799395, 8.513782, 0.9959879
1515496631330, -0.37349546, 7.192182, 0.7565677
1515496631351, -0.7757214, 5.8801594, -0.1436521
1515496631370, -0.40222588, 5.45878, -0.92895025
1515496631391, 0.20111294, 7.1634517, -0.33518824
1515496631411, 0.7661445, 8.1402855, -0.45010993
1515496631431, 0.48841715, 8.772355, -0.7469909
1515496631451, -0.2681506, 9.021352, 0.15322891
1515496631471, -0.19153613, 9.634268, 0.38307226
1515496631490, 0.4213795, 10.658986, -0.5650316
1515496631511, 2.6623523, 12.6222315, 0.18195933
1515496631530, 3.7253778, 13.187263, -0.11492168
1515496631551, 3.169923, 12.660539, -0.36391866
1515496631571, 1.8387469, 12.373235, -0.038307227
1515496631591, 0.10534488, 14.30775, -1.7046716
1515496631611, -1.484405, 14.882358, 0.37349546
1515496631631, -0.49799395, 11.425131, -3.715801
1515496631651, -0.9959879, 10.151415, -4.5394063
1515496631671, -1.5610195, 10.04607, -3.5242648
1515496631690, -3.265691, 10.94629, -3.0262709
1515496631711, -4.663905, 13.685257, -1.3120226
1515496631731, -4.8745947, 16.663643, 0.5746084
1515496631751, -3.2369606, 15.8783455, 6.5122285
1515496631771, -2.0398598, 12.382812, 1.9728222
1515496631791, -1.3120226, 9.059659, -0.8714894
1515496631811, 0.20111294, 8.073248, 1.2545617
1515496631831, 2.0015526, 6.301539, 4.213795
1515496631851, 1.4939818, 5.6790466, 0.641646
1515496631871, 0.92895025, 4.817134, 1.3790601
1515496631891, 0.33518824, 4.0892963, 1.3024458
1515496631911, 0.78529817, 3.074155, 1.2737153
1515496631930, 0.62249243, 3.6966474, 2.183512
1515496631951, 0.7374141, 4.903325, 2.5953147
1515496631970, 0.842759, 5.889736, 2.930503
1515496631991, 1.0342951, 7.4028716, 3.7349546
1515496632010, 1.1779473, 9.710882, 4.012682
1515496632031, 1.1971009, 12.076353, 4.3766007
1515496632050, 0.38307226, 13.67568, 5.3247046
1515496632071, -0.08619126, 13.522451, 7.7189064
1515496632091, -0.076614454, 10.055647, 7.5944076
1515496632111, -0.39264908, 13.972561, 5.506664
1515496632131, 1.0151415, 17.171215, 6.7612257
1515496632151, -1.8866309, 14.164097, 2.5761611
1515496632171, -2.9017725, 8.360553, 1.2449849
1515496632191, -2.4899697, 6.655881, 1.6472107
1515496632211, -1.1492168, 9.758766, -0.20111294
1515496632231, 0.91937345, 9.701305, -0.80445176
1515496632251, 1.1875241, 10.46745, -1.0821792
1515496632271, 0.80445176, 9.519346, -0.49799395
1515496632291, 0.4405331, 8.619126, 1.6089035
1515496632311, 0.17238252, 8.379706, 0.37349546
1515496632331, -0.2873042, 8.504205, 0.5363012
1515496632351, -0.7469909, 8.063671, 1.2162545
1515496632371, -0.15322891, 7.9104424, 0.9864111
1515496632391, -0.9768343, 8.0445175, 0.7086837
1515496632411, -0.31603462, 8.025364, 0.5554548
1515496632431, 0.11492168, 7.967903, 0.17238252
1515496632450, 0.9576807, 7.795521, -0.32561144
1515496632471, 0.7182605, 7.728483, 0.21068975
1515496632491, 0.6512229, 7.7093296, 0.50757074
1515496632511, 0.62249243, 7.785944, 0.59376204
1515496632531, 0.41180268, 8.054094, 0.30645782
1515496632551, 0.63206923, 8.781932, -0.18195933
1515496632570, 0.90979666, 9.576807, -0.6895301
1515496632591, 1.043872, 10.065224, -0.9959879
1515496632611, 1.9440918, 11.061212, -0.20111294
1515496632631, 2.4133554, 12.890382, -0.009576807
1515496632651, 1.3790601, 12.0093155, -0.82360536
1515496632671, 0.59376204, 13.22557, -2.135628
1515496632691, -0.7182605, 15.638926, 0.40222588
1515496632711, -0.1436521, 13.532028, -0.842759
1515496632731, -0.05746084, 12.928689, -3.7924154
1515496632751, -0.7757214, 10.726024, -3.9935284
1515496632770, -1.3311762, 10.141838, -3.1124623
1515496632791, -3.1028855, 11.300632, -2.9879637
1515496632811, -3.8881836, 13.01488, -1.685518
1515496632831, -3.8307228, 14.077906, 0.095768064
1515496632851, -2.6240451, 15.275007, 3.9264908
1515496632871, -1.8674773, 13.072341, 1.934515
1515496632891, -1.4556746, 9.509769, -0.9959879
1515496632911, 0.37349546, 8.293514, 1.4748282
1515496632931, 1.6376339, 5.5258174, 4.7884035
1515496632951, 1.5897499, 5.631162, 0.4405331
1515496632971, 1.2737153, 5.0182467, 0.8523358
1515496632991, 0.6799533, 4.098873, 0.9672575
1515496633011, 0.46926352, 3.3039982, 1.043872
1515496633031, 0.21068975, 3.667917, 1.8579005
1515496633050, 0.40222588, 5.1523223, 3.074155
1515496633071, 1.0821792, 6.2249246, 3.6774938
1515496633091, 1.436521, 6.9527617, 4.3478703
1515496633111, 1.6759412, 8.552089, 4.2904096
1515496633131, 1.4748282, 10.840945, 3.964798
1515496633151, 0.7565677, 13.283031, 4.8267107
1515496633171, -0.009576807, 13.273455, 5.813122
1515496633191, 0.18195933, 10.6398325, 8.322245
1515496633211, 0.6512229, 9.270349, 7.019799
1515496633231, 0.61291564, 15.016433, 3.2848446
1515496633251, 0.45968673, 14.068329, 4.7309427
1515496633271, -3.8786068, 13.072341, 0.46926352
1515496633291, -1.934515, 11.405977, 3.2944214
1515496633311, -2.078167, 8.169016, 0.16280572
1515496633331, -1.0534488, 9.394848, -0.36391866
1515496633351, 0.9672575, 9.14585, -0.35434186
1515496633371, 1.4077905, 8.590396, -1.4748282
1515496633391, 1.2545617, 9.404425, 1.1492168
1515496633411, 0.7278373, 9.088389, 0.51714754
1515496633431, 0.20111294, 9.097966, 0.1436521
1515496633451, 0.40222588, 9.002198, 0.24899697
1515496633471, 0.46926352, 8.628703, -0.02873042
1515496633491, -0.24899697, 7.8912888, 1.1683705
1515496633511, -0.90979666, 7.086837, 0.5363012
1515496633531, -0.9672575, 6.751649, 0.06703765
1515496633550, -0.38307226, 7.0102224, -0.12449849
1515496633571, 0.32561144, 7.9104424, 0.10534488
1515496633591, 1.043872, 8.7053175, 0.45968673
1515496633611, 0.89064306, 9.097966, 0.5267244
1515496633631, 0.6607997, 8.724471, 0.25857377
1515496633651, 0.50757074, 8.580819, -0.33518824
1515496633670, 0.50757074, 9.308656, -1.5035586
1515496633691, 1.5801731, 10.907983, -0.7278373
1515496633711, 2.1547816, 12.392388, 0.59376204
1515496633731, 2.6431987, 12.191275, -0.7469909
1515496633751, 2.384625, 12.5264635, -0.5267244
1515496633771, 1.2737153, 12.641385, -0.90021986
1515496633791, 0.038307227, 14.700398, -1.7046716
1515496633811, -0.4309563, 13.215993, -0.2681506
1515496633831, -0.2777274, 12.200851, -3.3327289
1515496633851, -1.532289, 10.266336, -3.514688
1515496633871, -2.1930888, 9.662998, -2.1068976
1515496633891, -3.3423057, 10.093954, -1.8866309
1515496633910, -4.548983, 13.742718, -1.13964
1515496633931, -4.0892963, 15.7825775, 0.89064306
1515496633951, -2.6048915, 15.275007, 5.257667
1515496633971, -1.8962077, 11.923124, 1.0342951
1515496633991, -1.3599066, 8.935161, -0.33518824
1515496634011, -0.076614454, 8.169016, 1.8100165
1515496634030, 1.2737153, 5.66947, 4.223372
1515496634051, 1.1300632, 4.9416323, 0.90021986
1515496634071, 0.7278373, 4.2042184, 1.0726024
1515496634091, 0.7757214, 3.2848446, 0.9864111
1515496634111, 0.6895301, 3.3901896, 1.4652514
1515496634131, 0.79487497, 3.6870706, 2.3750482
1515496634151, 0.842759, 4.817134, 3.466804
1515496634171, 0.90979666, 6.445191, 3.8786068
1515496634190, 1.1779473, 8.236053, 4.644751
1515496634211, 1.3503298, 10.266336, 4.3861775
1515496634230, 1.4939818, 11.923124, 4.050989
1515496634251, 1.5801731, 13.867216, 4.596867
1515496634271, 1.2449849, 14.116213, 7.8625584
1515496634291, 1.6759412, 10.170568, 7.441179
1515496634311, 0.5363012, 13.704411, 6.445191
1515496634331, -1.3982137, 14.365211, 3.1794999
1515496634351, -3.0358477, 12.717999, 3.6487634
1515496634371, -2.882619, 5.7365074, 0.19153613
1515496634391, -2.231396, 6.885724, -0.047884032
1515496634411, 0.15322891, 7.7093296, -2.777274
1515496634431, 0.6607997, 10.323798, -0.7374141
1515496634451, 1.2737153, 11.693281, -0.32561144
1515496634471, 1.091756, 10.898406, 2.327164
1515496634491, 0.8523358, 9.14585, 1.2162545
1515496634511, 0.7182605, 8.274361, 0.5650316
1515496634531, -0.038307227, 7.6135616, 0.59376204
1515496634551, 0.4309563, 6.981492, 0.62249243
1515496634571, 0.0, 7.28795, 0.545878
1515496634591, -0.62249243, 7.680599, 0.32561144
1515496634611, -0.59376204, 7.9583263, 0.2777274
1515496634630, -0.095768064, 7.9008656, 0.7374141
1515496634651, -0.047884032, 7.6231384, 0.4213795
1515496634670, 0.24899697, 7.469909, 0.12449849
1515496634691, 0.5746084, 8.00621, -0.30645782
1515496634710, 0.6703765, 8.561666, 0.30645782
1515496634731, 0.7469909, 10.314221, 0.49799395
1515496634751, 0.93852705, 10.6877165, -0.5363012
1515496634771, 1.3599066, 10.869676, -1.1683705
1515496634791, 1.9919758, 12.689269, 0.08619126
1515496634810, 1.9919758, 13.129802, 0.7757214
1515496634831, 1.340753, 13.378799, -1.7908629
1515496634851, -0.38307226, 16.730682, -2.6144683
1515496634871, -1.0726024, 13.417107, -2.0111294
1515496634891, -0.50757074, 11.827356, -3.7828386
1515496634911, -1.1971009, 10.381259, -2.96881
1515496634931, -2.834735, 9.825804, -1.7525556
1515496634951, -3.8498764, 10.515334, -1.0630256
1515496634971, -4.175488, 12.076353, -1.3024458
1515496634991, -2.834735, 14.087482, -0.90021986
1515496635011, -1.7812861, 15.006856, 3.371036
1515496635031, -1.2162545, 12.98615, 1.7717092
1515496635051, -1.9057846, 9.394848, -0.019153614
1515496635071, -1.1300632, 8.418014, 1.2258313
1515496635091, -0.6512229, 8.226477, 1.6280571
1515496635111, 0.4213795, 6.042965, 1.733402
1515496635131, 0.94810385, 4.2904096, 0.5746084
1515496635151, 0.82360536, 2.96881, 1.0630256
1515496635171, 1.0342951, 2.767697, 1.4077905
1515496635191, 0.7086837, 3.9839516, 2.135628
1515496635211, 0.545878, 5.554548, 2.930503
1515496635231, 0.5267244, 6.703765, 3.3518825
1515496635251, 0.7757214, 7.8625584, 4.185065
1515496635271, 0.82360536, 9.203311, 4.4723687
1515496635291, 0.30645782, 10.94629, 4.7022123
1515496635311, 0.11492168, 13.292608, 5.363012
1515496635331, 0.7565677, 13.9151, 7.536947
1515496635351, 0.8523358, 9.854534, 7.153875
1515496635371, 1.4748282, 6.6271505, 6.7803793
1515496635391, 0.19153613, 9.423578, 4.414908
1515496635411, -0.9959879, 15.370775, 1.0342951
1515496635431, -0.39264908, 13.378799, 1.0821792
1515496635451, -7.9391727, 16.443377, 0.009576807
1515496635471, -3.7445314, 13.168109, 2.0015526
1515496635491, -2.1739352, 7.431602, 0.6512229
1515496635511, -0.095768064, 6.5984197, -1.3120226
1515496635531, 2.5378537, 5.90889, 1.1587936
1515496635551, 3.323152, 7.019799, -0.6799533
1515496635571, 2.0973208, 12.277467, -0.58418524
1515496635591, 0.8619126, 12.50731, 0.2873042
1515496635611, 0.22026655, 10.093954, 1.1204864
1515496635631, -0.48841715, 8.236053, 1.4173675
1515496635651, -1.0151415, 7.0581064, 1.292869
1515496635671, -1.685518, 5.631162, 0.38307226
1515496635691, -2.1452048, 5.2480903, -0.37349546
1515496635711, -1.5610195, 6.6175733, -0.5554548
1515496635731, -0.02873042, 8.532935, -0.31603462
1515496635751, 0.842759, 9.241618, -0.59376204
1515496635771, 0.7469909, 8.647857, -1.0247183
1515496635791, -0.20111294, 7.5848308, 0.06703765
1515496635811, 0.019153614, 10.170568, 0.37349546
1515496635831, 1.3982137, 12.08593, -1.2162545
1515496635851, 2.4612393, 11.492168, -1.2258313
1515496635871, 2.585738, 12.50731, -0.009576807
1515496635891, 2.7006595, 13.043611, 0.22984336
1515496635911, 1.7429788, 13.321339, 1.0630256
1515496635931, 0.21068975, 13.8959465, 0.59376204
1515496635951, -0.89064306, 15.26543, -0.038307227
1515496635970, -0.49799395, 11.712435, -3.4763808
1515496635991, 0.21068975, 10.275913, -4.3861775
1515496636011, -1.5227122, 11.042058, -3.821146
1515496636031, -2.930503, 12.0093155, -2.8634653
1515496636050, -4.156334, 14.633361, -1.1779473
1515496636071, -3.3614593, 17.477673, 5.363012
1515496636091, -1.5801731, 15.045163, 3.8019924
1515496636111, -1.8579005, 10.103531, -1.292869
1515496636131, -0.4309563, 7.07726, 1.3503298
1515496636151, 1.0055647, 4.759673, 4.596867
1515496636171, 0.89064306, 5.48751, 0.7469909
1515496636191, 0.82360536, 5.2480903, 0.5554548
1515496636211, 0.5554548, 3.86903, 0.4405331
1515496636231, 0.076614454, 3.7732618, 0.62249243
1515496636250, 0.47884035, 3.1986535, 0.89064306
1515496636271, 0.32561144, 4.8458643, 2.9017725
1515496636291, 0.23942018, 6.3302693, 3.4284968
1515496636311, 0.21068975, 7.632715, 3.964798
1515496636331, 0.8331822, 8.858546, 4.175488
1515496636351, 1.6472107, 10.668563, 4.232949
1515496636371, 1.8004397, 13.148955, 4.663905
1515496636391, 1.4556746, 13.110648, 5.707777
1515496636411, 0.5650316, 11.798626, 9.662998
1515496636431, 0.38307226, 13.694834, 4.185065
1515496636450, 1.0726024, 16.098612, 6.7324953
1515496636471, -2.0015526, 12.516887, 2.8634653
1515496636491, -2.5570073, 9.691729, 2.7389667
1515496636511, -2.5091233, 6.2249246, 0.7086837
1515496636531, -1.9249382, 9.251195, -0.7661445
1515496636551, -0.7469909, 9.279925, -0.11492168
1515496636571, -0.08619126, 10.0269165, -0.33518824
1515496636591, 0.16280572, 10.247183, 0.6895301
1515496636611, 0.5554548, 9.490616, 1.5801731
1515496636631, 0.37349546, 9.3182335, 0.6991069
1515496636651, 0.30645782, 9.394848, 0.7374141
1515496636671, 0.31603462, 8.532935, 0.4213795
1515496636691, 0.7661445, 7.9870567, 0.2681506
1515496636711, 0.047884032, 7.536947, 0.5554548
1515496636731, -0.47884035, 7.038953, 0.10534488
1515496636751, -0.60333884, 7.1347213, -0.31603462
1515496636771, 0.2777274, 7.5465236, -0.51714754
1515496636791, 0.45010993, 8.149862, -0.16280572
1515496636810, 0.8331822, 7.776367, 0.81402856
1515496636831, 0.9672575, 7.747637, 0.0
1515496636851, 0.6895301, 8.341399, -0.50757074
1515496636871, 0.16280572, 8.935161, 0.2681506
1515496636891, -0.2681506, 10.01734, -0.02873042
1515496636911, 0.36391866, 10.936713, -0.038307227
1515496636931, 1.4939818, 11.980585, 0.16280572
1515496636951, 1.934515, 12.459426, -0.047884032
1515496636971, 1.7046716, 12.287044, -0.29688102
1515496636991, 1.1109096, 14.537593, -2.815581
1515496637011, -0.6991069, 16.912642, -0.16280572
1515496637031, 0.2777274, 14.221559, -3.1316159
1515496637051, 0.45010993, 13.043611, -4.357447
1515496637071, -0.34476504, 9.844957, -4.0318356
1515496637091, -1.091756, 8.944737, -1.9057846
1515496637111, -3.5817258, 10.390836, -1.1300632
1515496637131, -4.7788267, 12.430696, 0.2681506
1515496637151, -3.7732618, 14.001291, 0.78529817
1515496637171, -2.585738, 14.958972, 4.55856
1515496637191, -1.091756, 13.302185, 0.9864111
1515496637211, -1.2354081, 9.394848, -0.49799395
1515496637231, -0.1436521, 7.6710224, 0.5267244
1515496637251, 1.3694834, 5.449203, 4.5202527
1515496637271, 0.63206923, 5.085284, 0.46926352
1515496637291, 0.49799395, 4.5777135, 1.0821792
1515496637311, 0.08619126, 4.31914, 1.3120226
1515496637331, 0.5363012, 3.3806129, 1.1683705
1515496637351, 0.60333884, 3.8307228, 2.135628
1515496637371, 0.90021986, 3.6583402, 2.6240451
1515496637391, 0.80445176, 5.1810527, 3.41892
1515496637411, 0.6991069, 6.4260373, 4.2999864
1515496637431, 0.5267244, 8.839393, 4.3766007
1515496637451, 0.93852705, 11.415554, 4.462792
1515496637471, 1.5610195, 13.953407, 5.0182467
1515496637491, 1.685518, 13.340492, 5.2959743
1515496637511, 1.733402, 11.166556, 7.249643
1515496637531, 0.7565677, 14.279019, 5.104438
1515496637551, 0.91937345, 16.74026, 4.0222588
1515496637571, -2.8538885, 15.294161, 1.2162545
1515496637591, -3.1794999, 12.076353, 2.135628
1515496637611, -2.2984335, 5.267244, 1.4460979
1515496637631, -1.7717092, 7.536947, -1.1204864
1515496637651, 0.8714894, 7.9104424, -2.5091233
1515496637671, 1.0247183, 10.25676, -0.5363012
1515496637691, 0.545878, 11.089942, 2.9017725
1515496637711, 0.46926352, 9.931149, 1.1587936
1515496637731, 0.18195933, 9.050082, 0.009576807
1515496637751, 0.2873042, 8.475474, 0.05746084
1515496637771, -0.50757074, 7.9487495, 0.4309563
1515496637791, -0.79487497, 7.5561004, 1.3120226
1515496637811, -1.2162545, 6.83784, 0.2873042
1515496637831, -0.7469909, 6.4547677, 0.16280572
1515496637851, 0.1436521, 7.1347213, -0.10534488
1515496637871, 1.0630256, 7.6710224, -0.11492168
1515496637891, 1.6472107, 7.4986396, -0.05746084
1515496637911, 1.3982137, 7.201759, -0.46926352
1515496637931, 0.61291564, 7.7667904, -0.33518824
1515496637951, 0.2681506, 8.829816, 0.4213795
1515496637971, 0.9864111, 10.371682, -0.38307226
1515496637991, 1.9440918, 11.9135475, -1.0534488
1515496638011, 3.0358477, 11.9135475, -0.095768064
1515496638032, 2.6910827, 12.382812, -0.4213795
1515496638051, 2.231396, 12.957419, -0.50757074
1515496638071, 0.15322891, 15.227123, -2.2601264
1515496638091, -0.842759, 14.393941, -0.6991069
1515496638111, 0.1436521, 13.608643, -2.7964275
1515496638131, -0.41180268, 11.195287, -3.4380736
1515496638151, -2.0685902, 10.189722, -3.217807
1515496638170, -3.5529952, 11.731588, -3.5434184
1515496638191, -4.7022123, 13.359646, -1.8674773
1515496638211, -4.3287168, 14.279019, -0.49799395
1515496638231, -3.3327289, 14.451402, 6.0525417
1515496638251, -1.6089035, 13.551182, 2.0685902
1515496638271, -1.8004397, 9.720459, -0.9576807
1515496638291, -0.15322891, 8.197746, 0.9576807
1515496638311, 1.3024458, 5.0182467, 3.5051112
1515496638331, 1.3790601, 4.3382936, -0.05746084
1515496638351, 1.091756, 3.5051112, 0.2777274
1515496638371, 0.45010993, 2.9975405, 0.48841715
1515496638391, 0.22026655, 2.6431987, 0.9576807
1515496638411, -0.11492168, 4.7500963, 2.777274
1515496638430, 0.39264908, 4.759673, 3.1028855
1515496638451, 0.50757074, 6.3206925, 3.8594532
1515496638471, 1.1300632, 7.3166804, 4.606444
1515496638491, 2.030283, 9.193734, 4.5681367
1515496638511, 2.3463178, 13.541605, 5.90889
1515496638531, 2.1739352, 15.399506, 7.4507556
1515496638551, 1.8674773, 10.553641, 7.240066
1515496638571, 1.4077905, 7.4603324, 5.5258174
1515496638591, -0.7661445, 16.941372, 3.7924154
1515496638611, 0.6895301, 17.879898, 7.2783732
1515496638630, -3.1986535, 10.6398325, 1.3024458
1515496638651, -2.9017725, 7.0006456, 1.0534488
1515496638671, -2.7485435, 6.9719152, 0.8331822
1515496638691, -0.6895301, 8.39886, -1.1013328
1515496638711, -0.11492168, 10.563218, 0.5746084
1515496638731, 0.45010993, 11.626244, 0.08619126
1515496638751, 0.6703765, 11.003751, 0.7278373
1515496638771, 0.82360536, 9.471462, 3.2082303
1515496638790, 0.90979666, 8.63828, 1.0534488
1515496638811, 0.641646, 8.159439, 0.05746084
1515496638831, 0.15322891, 7.0485296, 0.36391866
1515496638851, -0.62249243, 6.339846, 1.0630256
1515496638871, -0.2777274, 6.0716953, 0.47884035
1515496638891, -0.29688102, 7.5465236, -0.6607997
1515496638911, 0.31603462, 9.155427, -0.10534488
1515496638931, 0.9768343, 8.647857, 0.1340753
1515496638951, 0.34476504, 7.3645644, 0.038307227
1515496638970, 0.1436521, 6.7229185, -0.2681506
1515496638991, 0.08619126, 7.192182, -0.038307227
1515496639011, 0.019153614, 7.929596, -0.22984336
1515496639031, 0.23942018, 9.605537, 0.08619126
1515496639051, 1.0630256, 11.329363, -0.21068975
1515496639071, 2.3175871, 13.053187, 0.41180268
1515496639091, 2.815581, 13.857639, 0.38307226
1515496639111, 2.528277, 12.631808, 0.05746084
1515496639131, 1.7525556, 12.200851, 0.5650316
1515496639151, 0.842759, 13.972561, -2.6431987
1515496639170, -2.2697031, 15.121778, 0.16280572
1515496639191, -0.90021986, 12.459426, -3.4955344
1515496639211, -1.3024458, 11.84651, -4.3957543
1515496639231, -1.7621324, 10.132261, -3.5817258
1515496639251, -2.6719291, 10.773908, -3.2082303
1515496639271, -3.6870706, 13.532028, -2.3175871
1515496639291, -4.0701427, 15.543158, 0.7565677
1515496639311, -2.6527755, 16.22311, 4.357447
1515496639331, -1.9440918, 10.1226845, 0.545878
1515496639351, -0.40222588, 9.404425, 0.94810385
1515496639371, 0.842759, 7.28795, 4.156334
1515496639391, 1.2545617, 5.851429, 1.340753
1515496639411, 1.1683705, 4.7405195, 0.45010993
1515496639431, 0.89064306, 3.9264908, 0.78529817
1515496639450, 0.6607997, 3.217807, 0.60333884
1515496639471, 0.5746084, 3.074155, 1.0151415
1515496639491, 0.4213795, 4.960786, 2.7389667
1515496639511, 0.60333884, 5.93762, 3.6008794
1515496639531, 1.2162545, 5.7269306, 3.4859576
1515496639551, 1.8291701, 5.717354, 3.6966474
1515496639571, 1.7812861, 7.9870567, 4.0414124
1515496639591, 0.8523358, 10.965444, 4.8267107
1515496639611, -0.22984336, 15.581465, 9.136273
1515496639631, -0.81402856, 13.091495, 7.8625584
1515496639651, -0.80445176, 10.611102, 5.2002063
1515496639671, 0.37349546, 14.777013, 5.5641246
1515496639691, 0.5267244, 12.765883, 4.261679
1515496639711, -1.0342951, 11.003751, 4.0222588
1515496639731, -1.8866309, 8.791509, 3.074155
1515496639751, -1.8579005, 11.032481, 1.0247183
1515496639771, -0.61291564, 10.879252, 1.2258313
1515496639791, 1.2641385, 9.56723, -1.4269443
1515496639811, 1.043872, 10.180145, -1.1300632
1515496639831, 1.5993267, 9.337387, -0.5746084
1515496639851, 1.5227122, 8.523358, 0.47884035
1515496639871, 1.2641385, 8.552089, 1.8483237
1515496639891, 1.0821792, 8.111555, 0.37349546
1515496639911, 0.30645782, 7.747637, 1.1204864
1515496639931, -0.89064306, 7.201759, 1.8291701
1515496639951, -0.17238252, 7.192182, 1.292869
1515496639971, 0.076614454, 7.9391727, 0.51714754
1515496639991, 0.58418524, 8.264784, 0.6895301
1515496640011, 0.2681506, 7.73806, 0.545878
1515496640031, 0.58418524, 6.694188, 0.7565677
1515496640051, 0.05746084, 6.751649, 0.18195933
1515496640071, -0.076614454, 7.335834, -0.16280572
1515496640091, -0.20111294, 7.920019, -0.36391866
1515496640111, -0.16280572, 8.513782, -0.4405331
1515496640131, 0.22984336, 9.56723, -1.1204864
1515496640151, 1.3503298, 11.310209, -1.4077905
1515496640171, 2.882619, 13.9917145, 0.7374141
1515496640190, 1.9440918, 12.813767, 0.34476504
1515496640211, 1.3024458, 13.599066, -0.45968673
1515496640231, -0.31603462, 17.72667, 0.4309563
1515496640251, -0.076614454, 15.255854, -2.5378537
1515496640271, -0.4405331, 13.599066, -5.1235914
1515496640291, -0.5746084, 10.869676, -3.8115692
1515496640311, -1.3599066, 10.323798, -1.7908629
1515496640332, -2.5570073, 10.6877165, -1.733402
1515496640351, -3.9839516, 12.287044, -1.7142484
1515496640371, -3.3614593, 13.350069, -0.45968673
1515496640391, -1.484405, 13.962984, 3.3327289
1515496640411, -0.33518824, 12.306197, 1.0055647
1515496640431, -0.62249243, 10.266336, -0.5650316
1515496640451, 0.18195933, 9.279925, -0.15322891
1515496640471, -0.41180268, 8.159439, -0.78529817
1515496640491, 0.89064306, 4.2425256, 5.391742
1515496640511, 0.009576807, 3.8977604, 0.58418524
1515496640531, -0.22026655, 3.7062242, 0.80445176
1515496640551, 0.10534488, 3.6870706, 1.0151415
1515496640570, 0.35434186, 3.8881836, 1.0726024
1515496640591, 0.545878, 5.1235914, 2.087744
1515496640610, 0.59376204, 6.1387334, 2.6719291
1515496640631, 0.095768064, 7.038953, 3.5817258
1515496640651, -0.31603462, 8.255207, 3.8115692
1515496640671, 0.23942018, 10.247183, 3.3039982
1515496640691, 1.091756, 12.698846, 4.156334
1515496640711, 1.1779473, 13.560759, 5.717354
1515496640731, 0.6895301, 12.363658, 8.322245
1515496640751, 1.8195933, 8.2169, 8.178593
1515496640770, 1.1779473, 11.463438, 4.1371803
1515496640791, 1.1204864, 18.492813, 3.8402996
1515496640811, -1.2737153, 13.761871, 1.8387469
1515496640831, -4.807557, 10.084377, -1.3120226
1515496640851, -3.6104562, 6.885724, 0.90021986
1515496640871, -2.0207062, 10.160992, 0.06703765
1515496640891, 0.02873042, 9.9790325, -0.009576807
1515496640911, 1.2258313, 9.203311, -0.8810662
1515496640931, 1.2545617, 9.864111, -0.50757074
1515496640951, 1.4556746, 9.634268, 3.074155
1515496640971, 1.292869, 9.720459, 1.1875241
1515496640991, 0.7182605, 10.170568, 0.08619126
1515496641011, 0.5267244, 9.136273, 0.93852705
1515496641031, -0.019153614, 8.686164, 0.7565677
1515496641051, -0.7374141, 6.991069, 0.5650316
1515496641071, -0.7182605, 5.449203, 0.23942018
1515496641091, -0.8810662, 5.2480903, -1.043872
1515496641111, -0.46926352, 6.5601125, -0.80445176
1515496641131, 0.45968673, 8.054094, -0.5267244
1515496641151, 0.6512229, 8.628703, -0.009576807
1515496641171, 0.18195933, 8.360553, -0.80445176
1515496641191, -0.23942018, 8.169016, -0.61291564
1515496641211, 0.1340753, 9.5385, 0.21068975
1515496641231, 0.6991069, 11.013328, -0.17238252
1515496641251, 2.2888567, 12.794614, -0.45010993
1515496641271, 3.4572272, 13.541605, -0.05746084
1515496641291, 2.1739352, 12.564771, -0.30645782
1515496641311, 1.2737153, 12.689269, 0.41180268
1515496641331, 0.25857377, 16.050728, -1.388637
1515496641351, -1.1875241, 14.719552, 0.49799395
1515496641371, 0.46926352, 13.484144, -3.3039982
1515496641391, 0.50757074, 11.63582, -3.9935284
1515496641411, -0.842759, 9.892841, -4.012682
1515496641431, -3.371036, 11.511322, -3.2848446
1515496641451, -4.6830587, 13.024457, -1.3215994
1515496641471, -3.763685, 13.656527, -0.25857377
1515496641491, -2.8060043, 14.001291, 4.6351743
1515496641511, -1.436521, 13.359646, 2.3463178
1515496641531, -1.5514427, 9.653421, -1.5993267
1515496641551, 0.038307227, 8.42759, 0.0
1515496641571, 0.49799395, 7.374141, 1.8770541
1515496641591, 1.3024458, 4.9895163, 0.78529817
1515496641611, 0.8619126, 4.807557, 0.12449849
1515496641631, 0.79487497, 3.8498764, 0.62249243
1515496641651, 0.22984336, 3.667917, 1.0821792
1515496641671, 0.23942018, 3.8019924, 1.685518
1515496641691, -0.05746084, 4.76925, 2.7389667
1515496641711, 0.17238252, 5.6215854, 3.1028855
1515496641731, 0.40222588, 6.4164605, 3.620033
1515496641751, 0.6895301, 7.28795, 4.817134
1515496641771, 1.1013328, 9.136273, 5.085284
1515496641791, 1.8004397, 11.779472, 5.161899
1515496641811, 1.9632454, 13.340492, 5.765238
1515496641831, 1.436521, 12.411542, 5.209783
1515496641851, 0.8523358, 8.8777, 6.4643445
1515496641871, 0.47884035, 14.068329, 4.855441
1515496641891, -0.1436521, 13.934254, 5.4683566
1515496641911, -1.5035586, 11.291056, 3.667917
1515496641931, -0.37349546, 10.409989, 2.2888567
1515496641951, -1.2162545, 8.561666, -0.7661445
1515496641971, -1.9632454, 9.471462, -0.9864111
1515496641991, -0.9864111, 10.457873, -0.4405331
1515496642011, -0.49799395, 8.714894, -0.545878
1515496642031, -0.79487497, 9.050082, -0.7661445
1515496642051, -1.4077905, 10.113108, 1.043872
1515496642071, -0.6991069, 9.911995, 3.064578
1515496642091, -0.50757074, 9.557653, 0.92895025
1515496642111, 0.009576807, 8.896853, -0.6895301
1515496642131, 0.51714754, 8.552089, -1.5705963
1515496642151, 0.019153614, 8.283937, 0.15322891
1515496642171, -0.50757074, 7.019799, 1.091756
1515496642191, -1.1587936, 6.3302693, 0.5650316
1515496642211, -0.17238252, 6.789956, 0.25857377
1515496642231, 0.46926352, 8.159439, 0.47884035
1515496642251, 1.4269443, 8.858546, 0.79487497
1515496642271, 1.7812861, 8.42759, 0.047884032
1515496642291, 1.2162545, 8.1402855, -0.46926352
1515496642311, 1.3311762, 8.532935, 0.02873042
1515496642331, 1.5514427, 9.442732, 0.038307227
1515496642351, 1.532289, 10.228029, -1.043872
1515496642371, 1.6280571, 11.348516, -0.7182605
1515496642392, 2.3463178, 12.200851, -0.45968673
1515496642411, 1.5705963, 12.287044, 0.0
1515496642431, 1.0726024, 11.865664, 1.292869
1515496642451, 0.6703765, 12.966996, -0.89064306
1515496642471, -1.0247183, 15.667656, -0.59376204
1515496642491, -0.23942018, 13.704411, -2.087744
1515496642511, -0.15322891, 13.034034, -3.6104562
1515496642531, -0.36391866, 10.352529, -3.6774938
1515496642551, -1.9440918, 9.404425, -2.6623523
1515496642571, -3.4955344, 10.697293, -2.1164744
1515496642591, -4.5394063, 13.072341, -1.4939818
1515496642611, -3.016694, 14.5759, -0.7469909
1515496642631, -1.6376339, 15.753847, 4.548983
1515496642651, -0.4405331, 14.5088625, 2.1260512
1515496642671, -1.8674773, 10.295067, -1.436521
1515496642691, -0.59376204, 7.7093296, 1.4269443
1515496642711, 0.45968673, 5.659893, 4.807557
1515496642731, 0.90021986, 5.3342814, 0.6895301
1515496642750, 0.50757074, 4.510676, 0.33518824
1515496642771, 0.8331822, 3.1028855, 0.2681506
1515496642791, 0.45010993, 3.083732, 0.82360536
1515496642811, 0.49799395, 2.9879637, 1.4556746
1515496642831, 0.19153613, 4.0797195, 2.9400797
1515496642851, 0.38307226, 4.999093, 3.572149
1515496642871, 0.7086837, 6.4260373, 3.9456444
1515496642891, 1.1683705, 8.236053, 4.5872903
1515496642911, 1.3024458, 10.572795, 4.232949
1515496642931, 1.4460979, 13.283031, 5.142745
1515496642951, 1.3599066, 14.834474, 5.7269306
1515496642971, 0.7278373, 13.800179, 9.32781
1515496642991, 1.6950948, 8.379706, 8.418014
1515496643011, 0.7182605, 10.371682, 4.2521024
1515496643031, 0.90979666, 16.031574, 3.9456444
1515496643051, -2.815581, 13.321339, 1.8100165
1515496643071, -3.7541082, 13.330915, 1.1971009
1515496643091, -2.9975405, 9.3661175, 2.2601264
1515496643111, -1.4556746, 7.785944, -0.34476504
1515496643130, 0.36391866, 10.275913, 0.38307226
1515496643151, 2.1260512, 9.825804, -0.5746084
1515496643170, 1.5131354, 10.28549, -1.0342951
1515496643191, 0.641646, 9.892841, 1.6280571
1515496643211, 0.41180268, 9.3182335, 1.1683705
1515496643231, 0.038307227, 8.992621, 0.009576807
1515496643251, -0.34476504, 8.293514, 0.1340753
1515496643271, 0.095768064, 7.8050976, 0.47884035
1515496643291, -0.842759, 7.9391727, 0.51714754
1515496643311, -1.6376339, 7.1155677, 0.41180268
1515496643331, -1.0726024, 6.7612257, -0.16280572
1515496643351, 0.34476504, 7.489063, -0.33518824
1515496643371, 0.47884035, 8.121132, -0.30645782
1515496643391, 0.59376204, 8.054094, 0.06703765
1515496643411, 0.59376204, 7.52737, 0.10534488
1515496643431, 0.5363012, 7.52737, -0.047884032
1515496643451, 0.6799533, 8.532935, -0.16280572
1515496643471, 1.091756, 9.998186, -0.61291564
1515496643491, 1.2066777, 10.43872, -1.1013328
1515496643511, 1.7429788, 10.821792, -0.94810385
1515496643531, 1.934515, 12.401965, -0.047884032
1515496643550, 1.5897499, 12.411542, 0.20111294
1515496643571, 0.81402856, 12.440272, -0.076614454
1515496643590, 0.25857377, 15.02601, -1.9728222
1515496643611, -0.59376204, 14.997279, 1.436521
1515496643631, 0.9768343, 12.880805, -3.064578
1515496643651, 0.5746084, 11.9614315, -4.7979803
1515496643671, -0.78529817, 10.448297, -3.821146
1515496643691, -1.6280571, 10.28549, -2.3942018
1515496643711, -3.5529952, 11.60709, -2.4516625
1515496643731, -3.8115692, 13.340492, -1.541866
1515496643751, -3.6104562, 14.4130945, 0.5363012
1515496643771, -2.719813, 15.093047, 4.711789
1515496643791, -2.1068976, 12.6222315, 1.0151415
1515496643811, -1.283292, 9.720459, -0.02873042
1515496643831, -0.1436521, 8.8777, 0.91937345
1515496643851, 1.292869, 5.765238, 5.0661306
1515496643871, 1.3599066, 4.76925, 0.5267244
1515496643891, 1.0534488, 4.357447, 0.37349546
1515496643911, 0.4213795, 3.763685, 0.641646
1515496643931, 0.5554548, 2.9400797, 0.7757214
1515496643951, 0.41180268, 4.4819455, 2.3654714
1515496643971, 0.7469909, 5.363012, 3.2944214
1515496643991, 0.7469909, 6.4068837, 4.1946416
1515496644011, 0.6895301, 7.479486, 5.3438582
1515496644031, 0.9864111, 8.628703, 4.6926355
1515496644051, 1.5897499, 10.390836, 3.6966474
1515496644071, 1.8291701, 12.641385, 4.596867
1515496644091, 1.0247183, 14.623784, 8.379706
1515496644111, 1.0726024, 10.342952, 7.929596
1515496644131, 0.38307226, 10.103531, 5.3342814
1515496644151, -0.15322891, 16.069881, 4.3382936
1515496644171, -1.5897499, 15.294161, 4.7405195
1515496644191, -3.7732618, 10.46745, 2.5091233
1515496644211, -3.2561142, 8.303091, 2.9496565
1515496644231, -2.2122424, 8.848969, 0.61291564
1515496644251, -0.7661445, 10.46745, 0.22026655
1515496644271, 1.4652514, 10.180145, -0.90021986
1515496644291, 1.5705963, 10.113108, -0.6895301
1515496644311, 1.8387469, 9.548077, -0.49799395
1515496644331, 1.3503298, 8.916007, 0.7469909
1515496644351, 0.92895025, 8.925584, 0.7278373
1515496644370, 0.019153614, 8.6574335, 0.20111294
1515496644391, -0.34476504, 8.111555, 1.091756
1515496644411, -0.45968673, 8.063671, 0.7182605
1515496644431, -0.6895301, 7.920019, 0.8619126
1515496644451, -0.5650316, 7.7572136, 0.58418524
1515496644471, 0.30645782, 7.4124484, -0.2777274
1515496644491, 0.4405331, 7.3166804, 0.038307227
1515496644511, 0.29688102, 7.0006456, 0.62249243
1515496644531, 0.1436521, 7.153875, 0.80445176
1515496644551, 0.0, 7.690176, 0.17238252
1515496644571, 0.038307227, 8.552089, -0.4309563
1515496644591, 0.20111294, 9.193734, -0.60333884
1515496644611, 0.58418524, 9.797073, -0.9768343
1515496644631, 1.541866, 11.109096, -1.388637
1515496644651, 2.7964275, 12.191275, -0.37349546
1515496644671, 2.327164, 13.148955, 1.2641385
1515496644690, 1.3215994, 13.22557, -0.37349546
1515496644711, 0.5267244, 16.701952, -1.6472107
1515496644731, 0.39264908, 15.08347, -0.90021986
1515496644751, 0.095768064, 14.030022, -3.4093432
1515496644771, -1.9057846, 10.907983, -3.4955344
1515496644791, -2.8443117, 10.01734, -1.8866309
1515496644811, -3.5913026, 10.0269165, -1.2545617
1515496644831, -3.9264908, 11.405977, -2.078167
1515496644851, -2.9783869, 13.330915, -0.93852705
1515496644871, -2.030283, 15.418659, 3.9552212
1515496644890, -0.82360536, 14.202404, 2.633622
1515496644911, -1.0630256, 10.141838, -1.8579005
1515496644931, 0.06703765, 7.632715, 0.8714894
1515496644951, 1.4269443, 4.8362875, 4.9320555
1515496644971, 1.3599066, 4.7500963, 0.47884035
1515496644991, 1.340753, 4.5394063, 0.46926352
1515496645011, 0.6512229, 4.10845, 0.7565677
1515496645031, 0.36391866, 3.3039982, 1.1587936
1515496645051, 0.4309563, 2.9017725, 1.9249382
1515496645071, 0.5554548, 4.5394063, 3.2944214
1515496645090, 0.842759, 5.90889, 3.4093432
1515496645111, 0.91937345, 7.517793, 4.0414124
1515496645131, 0.9768343, 9.346964, 4.271256
1515496645151, 1.2258313, 10.697293, 3.8881836
1515496645171, 1.6950948, 13.081918, 4.2904096
1515496645191, 0.94810385, 12.6222315, 6.2632318
1515496645211, 1.2258313, 11.18571, 8.63828
1515496645231, 0.23942018, 9.011775, 4.7405195
1515496645251, 0.15322891, 16.414646, 3.1890767
1515496645271, -2.1547816, 14.288596, 2.3175871
1515496645291, -4.510676, 12.200851, 0.038307227
1515496645311, -3.2082303, 9.433155, 1.9249382
1515496645331, -2.6527755, 7.967903, 0.009576807
1515496645351, 0.29688102, 8.561666, -0.9672575
1515496645371, 1.2066777, 9.346964, -0.076614454
1515496645394, 1.7717092, 10.160992, 1.0342951
1515496645411, 1.4939818, 10.01734, 0.842759
1515496645431, 0.93852705, 9.14585, 0.41180268
1515496645451, 0.5363012, 9.126697, 0.29688102
1515496645471, -0.095768064, 8.781932, 1.0342951
1515496645491, 0.095768064, 8.264784, 0.8619126
1515496645511, -0.1340753, 8.121132, 0.90021986
1515496645531, -0.9768343, 6.9623384, 0.641646
1515496645551, -0.79487497, 5.7748146, 0.5746084
1515496645571, -0.32561144, 6.14831, 0.047884032
1515496645591, 0.16280572, 7.6710224, 0.019153614
1515496645611, 0.9959879, 8.341399, 0.0
1515496645631, 0.91937345, 8.772355, -0.22984336
1515496645651, 0.009576807, 8.37013, -0.4405331
1515496645671, -0.22026655, 9.394848, -1.0055647
1515496645691, 0.47884035, 10.70687, -0.6895301
1515496645711, 1.8674773, 12.5264635, -0.51714754
1515496645731, 2.0494366, 12.679692, 0.34476504
1515496645751, 1.9249382, 12.0093155, -0.2873042
1515496645771, 1.4173675, 12.287044, -0.06703765
1515496645791, 0.31603462, 15.20797, -2.4995465
1515496645811, -1.0247183, 14.748282, 0.17238252
1515496645831, 0.6512229, 12.823344, -4.721366
1515496645851, -0.36391866, 11.884817, -4.4819455
1515496645871, -2.030283, 10.955867, -3.5529952
1515496645891, -4.367024, 10.91756, -0.7757214
1515496645911, -5.995081, 12.430696, 0.90979666
1515496645931, -5.142745, 13.206416, 1.1300632
1515496645951, -2.1547816, 14.5567465, 3.6104562
1515496645970, -0.48841715, 12.670115, 1.1587936
1515496645991, -0.5746084, 9.586384, -0.7565677
1515496646011, 0.009576807, 9.126697, 1.685518
1515496646031, 0.8714894, 6.847417, 2.7006595
1515496646050, 0.94810385, 5.631162, 1.2737153
1515496646071, 0.9864111, 4.098873, 1.3215994
1515496646091, 0.7374141, 2.8634653, 1.0630256
1515496646111, 0.89064306, 2.4995465, 1.2162545
1515496646131, 0.81402856, 3.6774938, 2.2505496
1515496646151, 0.6703765, 4.357447, 3.3039982
1515496646171, 0.7278373, 5.9184666, 3.4572272
1515496646191, 0.9768343, 7.2209125, 4.4915223
1515496646211, 1.4173675, 9.442732, 4.414908
1515496646231, 0.92895025, 12.516887, 4.9895163
1515496646250, 0.51714754, 15.399506, 6.2823853
1515496646271, 0.4309563, 13.072341, 7.7189064
1515496646291, 1.532289, 9.203311, 8.896853
1515496646311, 0.49799395, 12.488156, 3.6487634
1515496646331, 0.6703765, 16.069881, 3.6391866
1515496646351, -5.9759274, 14.834474, -0.63206923
1515496646371, -4.7884035, 12.679692, 2.3463178
1515496646391, -3.9839516, 8.887277, 2.0398598
1515496646410, -2.0973208, 7.690176, 0.40222588
1515496646431, 1.3120226, 8.350976, -2.2026656
1515496646450, 2.0685902, 9.3661175, 0.15322891
1515496646471, 1.6089035, 9.519346, -0.1340753
1515496646491, 0.33518824, 9.576807, 0.29688102
1515496646511, -0.5554548, 9.864111, 0.4213795
1515496646531, 0.06703765, 9.576807, 0.7757214
1515496646551, -0.22026655, 9.337387, 0.842759
1515496646570, -0.34476504, 8.456321, 1.283292
1515496646591, -0.8714894, 6.8569937, 1.1971009
1515496646611, -1.0342951, 5.8705826, 0.11492168
1515496646631, -0.02873042, 6.042965, -0.545878
1515496646651, 0.46926352, 7.374141, -0.58418524
1515496646671, 1.091756, 8.101978, -0.45010993
1515496646691, 1.2354081, 8.054094, -0.41180268
1515496646711, 0.5554548, 8.00621, -0.2681506
1515496646731, -0.17238252, 8.695741, 0.25857377
1515496646751, -0.29688102, 10.400413, -0.39264908
1515496646771, 0.63206923, 12.172121, -0.7086837
1515496646791, 2.2888567, 12.4785795, 0.47884035
1515496646811, 2.480393, 11.750742, 0.08619126
1515496646831, 2.2888567, 12.018892, -0.19153613
1515496646851, 1.4939818, 12.631808, 0.2873042
1515496646871, -1.3694834, 15.907076, -0.6607997
1515496646891, -0.5267244, 13.378799, -1.541866
1515496646911, 0.2873042, 11.942278, -4.817134
1515496646931, -0.21068975, 10.141838, -4.3478703
1515496646951, -1.9919758, 9.902418, -2.9879637
1515496646971, -4.098873, 11.884817, -3.5817258
1515496646991, -5.0757074, 14.326903, -1.3982137
1515496647011, -3.964798, 15.543158, 1.6759412
1515496647031, -1.7142484, 14.997279, 6.2823853
1515496647051, -2.078167, 11.405977, -0.22026655
1515496647071, -0.5267244, 8.169016, 0.81402856
1515496647091, 0.5746084, 8.00621, 1.4748282
1515496647111, 1.7717092, 6.042965, 1.7429788
1515496647131, 1.340753, 5.439626, 0.29688102
1515496647151, 0.9576807, 4.0414124, 0.49799395
1515496647171, 0.38307226, 3.2082303, 0.7374141
1515496647191, 0.60333884, 2.4899697, 1.340753
1515496647211, 0.4405331, 4.0222588, 2.9879637
1515496647231, 0.38307226, 4.711789, 3.0933087
1515496647251, 0.35434186, 6.2823853, 2.7868507
1515496647271, 0.7374141, 9.251195, 3.5434184
1515496647291, 1.3694834, 11.769896, 3.6774938
1515496647311, 1.4460979, 15.389929, 4.8841715
1515496647331, 0.51714754, 14.930242, 7.4986396
1515496647351, 0.50757074, 9.787497, 8.485051
1515496647371, 1.3503298, 8.532935, 5.48751
1515496647391, 1.1204864, 14.853627, 3.5338416
1515496647411, -0.06703765, 13.953407, 4.0701427
1515496647430, -4.357447, 12.459426, 0.37349546
1515496647451, -4.050989, 10.04607, 2.8060043
1515496647471, -3.9073372, 8.762778, 0.6703765
1515496647491, -2.135628, 9.892841, 0.48841715
1515496647511, 0.33518824, 9.701305, -0.91937345
1515496647531, 0.31603462, 9.864111, -1.6376339
1515496647551, 0.9864111, 9.509769, 1.0726024
1515496647571, 1.0055647, 8.628703, 0.8714894
1515496647591, 0.7182605, 9.232041, 0.2873042
1515496647611, 0.0, 9.595961, 0.7757214
1515496647631, 0.16280572, 8.829816, 1.1492168
1515496647651, -0.34476504, 8.599973, 1.1204864
1515496647671, -0.842759, 7.8050976, 0.91937345
1515496647691, -0.49799395, 7.038953, 0.59376204
1515496647711, 0.009576807, 6.895301, 0.38307226
1515496647731, 0.90021986, 7.240066, -0.15322891
1515496647751, 1.0151415, 8.130709, 0.63206923
1515496647771, 0.9959879, 8.073248, 0.6703765
1515496647791, 0.9768343, 7.4986396, -0.30645782
1515496647811, 1.0055647, 7.747637, -0.5746084
1515496647831, 0.8523358, 8.801085, -0.8619126
1515496647851, 0.6895301, 10.524911, -0.9959879
1515496647871, 1.5227122, 11.262324, -0.24899697
1515496647891, 1.9057846, 10.840945, -0.51714754
1515496647911, 1.5227122, 11.84651, 0.1436521
1515496647931, 1.3503298, 12.421119, 0.0
1515496647951, 0.47884035, 13.120225, 0.24899697
1515496647971, -0.8619126, 15.562311, -1.1109096
1515496647991, -1.2258313, 14.585477, 1.283292
1515496648011, 0.21068975, 13.158532, -3.7062242
1515496648031, 0.076614454, 11.750742, -4.5777135
1515496648051, -0.91937345, 9.548077, -3.8977604
1515496648071, -2.0973208, 10.419566, -3.1124623
1515496648091, -3.8402996, 12.861651, -1.2354081
1515496648111, -3.6008794, 15.820885, 3.0358477
1515496648131, -1.2162545, 15.964537, 5.6886234
1515496648151, -1.5227122, 11.683704, -0.8619126
1515496648171, 0.16280572, 8.829816, 0.37349546
1515496648191, 0.80445176, 7.632715, 2.2122424
1515496648211, 2.0494366, 5.133168, 1.091756
1515496648231, 1.6663644, 4.9895163, 0.6703765
1515496648251, 0.62249243, 4.213795, 0.90021986
1515496648271, 0.19153613, 3.0454245, 1.2162545
1515496648291, 0.20111294, 3.3901896, 2.1643584
1515496648311, 0.545878, 3.1507695, 2.9975405
1515496648331, 0.6703765, 4.271256, 3.9743748
1515496648351, 0.91937345, 5.21936, 4.003105
1515496648371, 1.283292, 6.751649, 4.146757
1515496648391, 1.5993267, 8.647857, 3.4763808
1515496648411, 1.6950948, 10.965444, 3.0071173
1515496648431, 1.0821792, 13.541605, 3.9935284
1515496648451, 0.02873042, 12.708423, 5.1906295
1515496648471, 0.63206923, 10.457873, 7.383718
1515496648491, 2.1164744, 8.619126, 7.6231384
1515496648511, 2.7006595, 9.969456, 5.497087
1515496648531, 0.5554548, 15.887922, 2.96881
1515496648551, -4.357447, 15.437813, -0.20111294
1515496648571, -5.046977, 15.370775, 1.091756
1515496648591, -2.8921957, 6.6846113, 2.1452048
1515496648611, -1.8195933, 7.6614456, -1.1587936
1515496648631, 1.2354081, 8.236053, -0.545878
1515496648651, 2.0494366, 7.8146744, -1.4556746
1515496648671, 1.1013328, 10.630256, 1.2162545
1515496648691, 0.21068975, 11.664551, 1.7046716
1515496648711, 0.18195933, 10.247183, 1.0247183
1515496648731, 0.17238252, 9.222465, 1.1779473
1515496648751, -0.23942018, 8.465898, 0.37349546
1515496648771, -0.842759, 7.824251, 1.283292
1515496648791, -0.8331822, 6.8761473, 1.2066777
1515496648811, -0.7278373, 6.5122285, 0.50757074
1515496648831, -0.63206923, 7.0102224, -0.095768064
1515496648851, 0.076614454, 7.0964136, -0.33518824
1515496648871, 1.388637, 7.565677, -0.41180268
1515496648891, 1.2354081, 7.632715, -0.89064306
1515496648911, 0.63206923, 7.575254, -1.6472107
1515496648931, -0.05746084, 7.5561004, -0.36391866
1515496648951, 0.20111294, 10.218452, -0.80445176
1515496648971, 0.9959879, 11.750742, -1.8674773
1515496648991, 1.7525556, 11.118672, 0.076614454
1515496649011, 2.0398598, 11.865664, 0.2681506
1515496649031, 1.733402, 13.761871, -0.32561144
1515496649051, 1.3120226, 14.54717, 0.12449849
1515496649071, 0.60333884, 15.313314, 0.038307227
1515496649091, -0.90979666, 16.500837, -2.4516625
1515496649111, -0.90979666, 13.771448, -2.0207062
1515496649131, 0.90979666, 11.453861, -5.1810527
1515496649151, 0.5746084, 10.5919485, -4.1180267
1515496649171, -0.6703765, 9.653421, -3.4763808
1515496649191, -2.5187001, 11.769896, -3.074155
1515496649211, -3.715801, 14.18325, -1.982399
1515496649231, -2.8060043, 15.897499, 1.8866309
1515496649251, -1.532289, 14.642938, 3.5913026
1515496649271, -1.6184803, 11.109096, 0.32561144
1515496649291, -0.62249243, 9.835381, 0.38307226
1515496649311, 0.6512229, 8.6574335, 3.4955344
1515496649331, 1.3503298, 6.081272, 0.8810662
1515496649351, 1.283292, 5.305551, -0.08619126
1515496649371, 0.37349546, 2.4995465, -0.25857377
1515496649391, 0.18195933, 2.5953147, 0.60333884
1515496649411, -0.08619126, 3.7732618, 1.8866309
1515496649431, 0.35434186, 3.122039, 1.8004397
1515496649450, 0.21068975, 3.9935284, 2.1643584
1515496649471, 0.29688102, 5.544971, 2.2409728
1515496649490, 0.6799533, 6.789956, 3.1986535
1515496649511, 1.0534488, 8.255207, 3.3997664
1515496649530, 1.4652514, 10.390836, 3.2752678
1515496649551, 1.2162545, 13.40753, 4.55856
1515496649571, 0.38307226, 13.139379, 4.9895163
1515496649591, 0.21068975, 10.955867, 7.833828
1515496649611, 1.292869, 9.136273, 8.159439
1515496649631, 1.5993267, 9.864111, 5.0757074
1515496649650, 0.32561144, 16.931795, 2.030283
1515496649671, -2.4516625, 15.485697, 1.1013328
1515496649691, -5.3821654, 14.958972, 0.7757214
1515496649710, -3.0550013, 11.089942, 3.9552212
1515496649731, -2.2888567, 6.579266, -0.1436521
1515496649751, 1.7908629, 5.5737014, -2.1452048
1515496649770, 1.3503298, 8.101978, -1.4269443
1515496649791, 2.4899697, 10.898406, 0.641646
1515496649810, 1.1587936, 11.128249, 0.36391866
1515496649831, 0.9576807, 10.103531, -0.16280572
1515496649851, 0.06703765, 9.797073, 0.91937345
1515496649871, -1.0534488, 8.868123, 1.1109096
1515496649891, -0.9959879, 7.8912888, 1.0534488
1515496649911, -1.3120226, 7.3645644, 1.2162545
1515496649931, -0.9959879, 6.991069, 0.45010993
1515496649951, -0.92895025, 7.0485296, -0.2873042
1515496649971, 0.30645782, 7.1251445, -0.9768343
1515496649991, 1.1013328, 7.881712, -0.076614454
1515496650011, 0.6991069, 7.536947, -0.4309563
1515496650031, 0.63206923, 6.7803793, -1.1779473
1515496650051, 0.5650316, 7.8529816, -0.91937345
1515496650071, 0.7469909, 9.672575, 0.33518824
1515496650091, 0.5267244, 10.448297, -0.32561144
1515496650111, -0.16280572, 11.291056, -1.283292
1515496650131, 2.0973208, 11.415554, 0.641646
1515496650151, 3.8594532, 11.358093, 0.7182605
1515496650171, 3.9264908, 12.258312, -0.90979666
1515496650191, 2.2218192, 13.330915, -0.6703765
1515496650210, -0.51714754, 16.654066, -2.384625
1515496650231, -1.5801731, 14.432248, -1.8195933
1515496650251, -0.7086837, 12.631808, -5.1523223
1515496650271, -1.9057846, 11.492168, -2.9592333
1515496650291, -2.5378537, 10.362105, -1.7812861
1515496650311, -4.999093, 12.77546, 0.5650316
1515496650331, -5.3438582, 14.097059, -1.2545617
1515496650351, -2.2218192, 15.792154, 2.8634653
1515496650371, -0.12449849, 13.704411, 1.9057846
1515496650391, -0.40222588, 11.60709, 0.35434186
1515496650411, 0.009576807, 8.0445175, 3.217807
1515496650431, 0.019153614, 8.647857, 2.1739352
1515496650451, 0.641646, 7.0964136, 1.2545617
1515496650471, 1.0151415, 5.209783, 0.7374141
1515496650491, 0.9864111, 2.1547816, -0.21068975
1515496650511, 0.60333884, 2.3654714, 0.89064306
1515496650531, 0.46926352, 2.7964275, 1.9249382
1515496650551, 0.6512229, 3.4093432, 2.6240451
1515496650570, 0.7661445, 4.3861775, 3.169923
1515496650591, 1.0055647, 5.6215854, 3.6487634
1515496650611, 1.4556746, 7.067683, 4.510676
1515496650631, 1.2641385, 10.362105, 4.7405195
1515496650651, 0.047884032, 13.445837, 5.2768207
1515496650671, -0.4309563, 14.355634, 5.544971
1515496650691, -0.2873042, 11.358093, 7.2304893
1515496650711, 0.1436521, 11.003751, 6.4068837
1515496650731, 1.2545617, 15.792154, 3.7349546
1515496650751, -1.0055647, 12.880805, 2.8921957
1515496650771, -2.7102363, 13.838486, 1.3024458
1515496650791, -1.7238252, 11.224017, 2.681506
1515496650811, -1.2641385, 7.9104424, 1.1300632
1515496650831, -0.2873042, 8.389283, -0.545878
1515496650851, 2.8060043, 7.0964136, -2.4229321
1515496650871, 1.13964, 9.069236, 0.08619126
1515496650891, 1.6089035, 9.385271, -0.7374141
1515496650911, 0.46926352, 10.0269165, -0.4309563
1515496650931, 0.30645782, 9.509769, 0.90979666
1515496650951, 0.2777274, 8.810662, 1.3790601
1515496650971, -0.50757074, 8.025364, 1.2449849
1515496650991, -0.51714754, 7.1155677, 1.2641385
1515496651011, -0.7086837, 7.2687964, 0.45968673
1515496651031, -0.47884035, 8.121132, -0.009576807
1515496651051, 0.29688102, 8.925584, 0.20111294
1515496651071, 0.33518824, 7.489063, 0.22026655
1515496651091, 0.45968673, 6.2632318, 0.12449849
1515496651111, 0.36391866, 6.2249246, -0.30645782
1515496651131, 0.30645782, 7.4028716, -0.6607997
1515496651151, 0.5267244, 9.3182335, -0.22026655
1515496651171, 0.7182605, 10.773908, -0.5746084
1515496651191, 0.6991069, 10.7356, -0.019153614
1515496651211, 1.7142484, 10.419566, 0.49799395
1515496651231, 3.6487634, 11.741165, -0.7661445
1515496651251, 4.2904096, 13.024457, -0.545878
1515496651271, 2.4037786, 12.756307, -0.91937345
1515496651291, 0.92895025, 14.585477, -3.4380736
1515496651311, -0.60333884, 14.796166, 0.9576807
1515496651331, 0.46926352, 12.765883, -3.41892
1515496651351, -0.6895301, 11.990162, -4.367024
1515496651371, -2.2122424, 9.615114, -4.2042184
1515496651391, -3.5051112, 9.548077, -2.4899697
1515496651411, -5.133168, 13.005303, -0.12449849
1515496651431, -5.0757074, 15.600618, 0.8523358
1515496651451, -2.7868507, 16.452953, 3.6391866
1515496651471, -1.1013328, 10.869676, 0.7565677
1515496651491, -0.59376204, 8.293514, -0.34476504
1515496651511, 0.33518824, 7.8529816, 0.8523358
1515496651531, 0.36391866, 7.603985, 1.1971009
1515496651551, 1.436521, 4.175488, 2.1068976
1515496651570, 0.78529817, 2.7581203, 0.16280572
1515496651590, 0.2777274, 2.719813, 0.6799533
1515496651611, 0.38307226, 2.825158, 1.4173675
1515496651630, 0.7565677, 3.1124623, 1.7812861
1515496651651, 0.7182605, 4.357447, 2.96881
1515496651671, 0.78529817, 5.9184666, 3.2848446
1515496651691, 1.0055647, 8.236053, 3.8881836
1515496651711, 1.1875241, 10.716447, 4.10845
1515496651732, 1.1300632, 13.359646, 4.232949
1515496651751, 1.3599066, 15.255854, 6.531382
1515496651771, -0.6512229, 11.109096, 7.4603324
1515496651791, 0.61291564, 8.714894, 8.312668
1515496651811, 0.49799395, 12.277467, 4.012682
1515496651831, 0.047884032, 15.974113, 2.9592333
1515496651851, -4.0222588, 15.859192, 0.8331822
1515496651871, -4.5394063, 13.129802, 3.8881836
1515496651891, -3.0550013, 7.1155677, 0.22984336
1515496651911, 0.45968673, 8.236053, -2.0398598
1515496651931, 0.8714894, 9.394848, -1.3120226
1515496651951, 1.7621324, 9.77792, -0.22026655
1515496651971, 1.3024458, 9.519346, -0.47884035
1515496651990, 0.5554548, 9.375694, 0.38307226
1515496652011, 0.22026655, 9.643845, 0.8619126
1515496652031, -0.641646, 9.662998, 0.2681506
1515496652051, -0.80445176, 8.724471, 1.1779473
1515496652071, -0.6703765, 7.3166804, 1.283292
1515496652091, -1.1875241, 5.9280434, 0.12449849
1515496652111, -1.4556746, 4.9703627, -0.33518824
1515496652131, -0.31603462, 5.6120086, -0.80445176
1515496652151, 0.63206923, 7.843405, -1.292869
1515496652171, 1.2066777, 8.647857, -1.436521
1515496652190, 0.9576807, 8.7532015, 0.0
1515496652211, 0.45010993, 9.346964, 0.2777274
1515496652231, 0.78529817, 11.147403, 0.9864111
1515496652251, 1.6567876, 12.29662, -0.6607997
1515496652271, 2.1643584, 12.095507, -0.545878
1515496652291, 2.5187001, 12.947843, 0.18195933
1515496652311, 2.3175871, 13.867216, 0.641646
1515496652331, 0.47884035, 15.47612, -2.0207062
1515496652351, -0.9768343, 13.905523, 0.32561144
1515496652371, -0.7086837, 12.200851, -2.7006595
1515496652390, -1.1013328, 10.6398325, -3.9743748
1515496652411, -2.0111294, 9.509769, -2.7006595
1515496652431, -2.8634653, 10.43872, -2.2697031
1515496652451, -3.572149, 12.516887, -2.327164
1515496652471, -3.371036, 14.863204, -1.5514427
1515496652491, -1.6567876, 16.46253, 3.7062242
1515496652511, -0.7278373, 14.33648, 2.0111294
1515496652531, -1.6376339, 9.356541, -0.18195933
1515496652551, 0.0, 8.762778, 0.79487497
1515496652571, 0.11492168, 8.523358, 0.7278373
1515496652591, 1.8770541, 4.4244847, 3.4380736
1515496652611, 0.9864111, 3.8786068, -0.12449849
1515496652631, 0.6991069, 3.1028855, 0.32561144
1515496652651, 0.08619126, 3.1507695, 0.91937345
1515496652671, 0.038307227, 3.41892, 1.7717092
1515496652691, 0.095768064, 3.7445314, 2.2026656
1515496652711, 0.047884032, 6.157887, 3.2369606
1515496652731, 0.6512229, 7.603985, 3.5338416
1515496652751, 1.3120226, 9.56723, 3.6966474
1515496652771, 1.6663644, 11.540052, 4.280833
1515496652791, 1.436521, 12.430696, 5.2959743
1515496652811, 1.4652514, 11.377247, 6.5696893
1515496652831, 1.2066777, 10.67814, 8.580819
1515496652851, 0.6991069, 10.97502, 5.0182467
1515496652871, 0.5554548, 15.217546, 3.916914
1515496652891, -0.7278373, 15.95496, 2.7006595
1515496652911, -3.7541082, 13.43626, 1.6472107
1515496652931, -4.4244847, 7.680599, 1.13964
1515496652951, -2.9017725, 8.791509, 0.7565677
1515496652971, -0.80445176, 7.1059904, -0.7757214
1515496652991, 0.23942018, 8.446744, -1.2354081
1515496653011, 0.94810385, 9.758766, 0.5363012
1515496653031, 0.7182605, 10.754754, 0.30645782
1515496653051, 0.9672575, 10.247183, 0.94810385
1515496653071, 0.78529817, 9.787497, 0.91937345
1515496653091, 0.5267244, 8.7532015, -0.23942018
1515496653111, 0.047884032, 7.565677, 0.37349546
1515496653131, -0.6799533, 6.129156, 0.58418524
1515496653151, -1.0342951, 6.14831, 0.4213795
1515496653171, -0.31603462, 6.981492, 0.076614454
1515496653191, 0.5554548, 8.561666, 0.11492168
1515496653215, 1.2354081, 8.6095495, 0.34476504
1515496653231, 1.6472107, 7.699753, -0.1436521
1515496653251, 0.90021986, 7.374141, -0.7469909
1515496653271, 0.02873042, 7.776367, -0.02873042
1515496653291, 0.2777274, 9.9790325, 0.019153614
1515496653311, 1.1683705, 12.038046, -0.23942018
1515496653331, 1.685518, 12.277467, 0.8810662
1515496653351, 2.0207062, 11.616667, -0.24899697
1515496653371, 2.5187001, 12.0093155, -0.45010993
1515496653391, 1.934515, 13.091495, -0.7374141
1515496653411, 0.10534488, 16.079458, -0.9576807
1515496653431, -1.091756, 13.982138, -1.5131354
1515496653451, -1.0821792, 13.148955, -5.0661306
1515496653471, -1.7812861, 10.840945, -4.0797195
1515496653491, -2.5187001, 10.055647, -2.2409728
1515496653511, -4.3382936, 12.08593, -1.3120226
1515496653531, -4.9416323, 14.221559, -0.7565677
1515496653551, -2.087744, 15.303738, 3.3518825
1515496653571, -0.5554548, 13.40753, 2.135628
1515496653591, -1.0247183, 9.3182335, -0.545878
1515496653611, -0.6607997, 8.24563, 0.41180268
1515496653631, -0.33518824, 7.1826053, 1.1109096
1515496653651, 0.076614454, 5.8705826, 2.384625
1515496653671, 0.40222588, 4.2521024, 0.8331822
1515496653691, 0.24899697, 3.9456444, 0.62249243
1515496653711, 0.2681506, 3.2561142, 1.3311762
1515496653731, 0.48841715, 3.6487634, 1.8579005
1515496653751, 0.6799533, 3.667917, 2.4899697
1515496653771, 0.641646, 5.583278, 3.3135753
1515496653791, 0.8619126, 7.5944076, 3.6391866
1515496653810, 1.0726024, 9.5385, 3.7924154
1515496653831, 0.6607997, 10.802638, 4.2521024
1515496653851, 0.4213795, 15.466543, 7.603985
1515496653871, -0.4213795, 13.704411, 7.824251
1515496653891, -0.1436521, 9.854534, 7.28795
1515496653911, 0.4309563, 13.110648, 4.644751
1515496653931, 0.94810385, 14.231135, 3.8594532
1515496653951, -2.4612393, 13.254301, 1.7046716
1515496653971, -4.367024, 8.2169, 1.541866
1515496653991, -3.016694, 10.448297, 0.47884035
1515496654011, -0.6607997, 9.969456, 0.10534488
1515496654031, 0.94810385, 8.695741, -1.8770541
1515496654051, 1.4652514, 9.749189, -1.3024458
1515496654071, 1.9057846, 9.11712, 1.4077905
1515496654091, 1.9536686, 9.873688, 1.5801731
1515496654111, 1.340753, 10.630256, 0.842759
1515496654131, 0.18195933, 10.007763, 1.436521
1515496654151, 0.40222588, 8.743625, 1.2354081
1515496654171, 0.24899697, 7.9487495, 1.436521
1515496654191, -0.11492168, 7.07726, 0.79487497
1515496654211, -0.36391866, 6.5984197, -0.08619126
1515496654231, -0.90979666, 6.5505357, -0.7757214
1515496654251, -0.6895301, 6.8282633, -0.038307227
1515496654271, -0.2777274, 7.1155677, 0.50757074
1515496654291, -0.45968673, 7.536947, 0.22026655
1515496654311, -0.4213795, 7.8912888, 0.33518824
1515496654331, -0.24899697, 8.475474, 0.11492168
1515496654351, 0.6895301, 9.337387, 0.2681506
1515496654371, 1.484405, 9.80665, -0.62249243
1515496654391, 2.8443117, 10.812215, -0.095768064
1515496654411, 3.1986535, 12.152967, -0.50757074
1515496654431, 2.7581203, 12.018892, -0.17238252
1515496654451, 1.7525556, 13.484144, -2.1643584
1515496654471, 0.1436521, 16.19438, 0.545878
1515496654491, 0.33518824, 14.039598, -2.6240451
1515496654511, -0.24899697, 13.283031, -4.6255975
1515496654531, -1.8962077, 10.965444, -2.9496565
1515496654551, -2.9783869, 10.505757, -2.4133554
1515496654571, -4.414908, 12.248735, -1.9153614
1515496654591, -4.4436383, 14.087482, -0.58418524
1515496654611, -3.5625722, 15.275007, 2.4420857
1515496654631, -1.7238252, 14.958972, 3.217807
1515496654650, -1.1779473, 11.415554, 0.81402856
1515496654671, -0.8810662, 10.007763, -0.1436521
1515496654691, -0.1340753, 8.848969, 0.2777274
1515496654711, -0.08619126, 8.954314, 0.59376204
1515496654731, 1.2354081, 4.3861775, 3.1028855
1515496654750, 0.2873042, 3.8019924, 0.6991069
1515496654771, 0.2777274, 3.3901896, 1.3503298
1515496654791, 0.15322891, 3.4572272, 1.5897499
1515496654811, 0.6607997, 3.8498764, 1.9632454
1515496654831, 0.9959879, 5.171476, 2.7389667
1515496654851, 1.0726024, 6.493075, 3.3614593
1515496654871, 1.0247183, 8.0445175, 4.7022123
1515496654891, 1.1492168, 9.720459, 4.865018
1515496654911, 1.982399, 11.300632, 4.807557
1515496654931, 2.0207062, 12.852075, 3.6583402
1515496654951, 1.0534488, 11.444284, 5.0661306
1515496654971, 1.0247183, 10.486604, 8.159439
1515496654991, 0.8331822, 8.695741, 5.8801594
1515496655011, -0.20111294, 16.079458, 3.9552212
1515496655031, 0.61291564, 16.184803, 4.2904096
1515496655051, -6.4739213, 14.135366, -0.51714754
1515496655071, -4.8937483, 9.710882, 2.2122424
1515496655091, -4.0222588, 7.9966335, 0.7469909
1515496655111, -1.2258313, 8.303091, -0.6703765
1515496655131, 0.46926352, 8.8777, -0.50757074
1515496655151, 1.8579005, 9.184157, 0.39264908
1515496655171, 1.7908629, 10.43872, -1.2354081
1515496655191, 1.5514427, 9.701305, -0.05746084
1515496655211, 1.0247183, 9.548077, 0.62249243
1515496655231, 0.63206923, 8.532935, -0.06703765
1515496655251, 0.20111294, 8.686164, 1.2641385
1515496655271, -0.4309563, 8.063671, 1.8291701
1515496655291, -0.8810662, 6.7133417, 1.1109096
1515496655311, -0.5363012, 6.042965, -0.02873042
1515496655331, 0.24899697, 6.8665705, -0.6895301
1515496655351, 0.7469909, 7.52737, -0.90021986
1515496655371, 1.340753, 8.350976, -0.5650316
1515496655391, 0.60333884, 8.494628, 0.36391866
1515496655411, 0.20111294, 8.599973, 1.0247183
1515496655431, 0.11492168, 9.394848, 0.095768064
1515496655451, 0.46926352, 10.91756, -1.4269443
1515496655471, 1.292869, 10.6398325, -0.38307226
1515496655491, 1.292869, 10.247183, -0.37349546
1515496655511, 1.7046716, 12.0093155, -0.009576807
1515496655531, 1.8962077, 13.034034, -0.05746084
1515496655551, 0.81402856, 13.627796, -0.92895025
1515496655571, -0.8523358, 16.606182, 0.45968673
1515496655591, 0.6991069, 13.283031, -0.2681506
1515496655611, 1.13964, 13.101071, -4.903325
1515496655631, 0.18195933, 10.649409, -4.55856
1515496655651, -1.7238252, 10.065224, -3.265691
1515496655671, -3.1411927, 11.856087, -2.327164
1515496655691, -4.175488, 13.034034, -1.2449849
1515496655711, -3.371036, 14.767436, 0.92895025
1515496655731, -1.9728222, 14.355634, 5.4300494
1515496655751, -1.9153614, 11.089942, 0.39264908
1515496655771, -0.8619126, 8.1881695, -0.08619126
1515496655791, 0.22026655, 6.895301, 1.8004397
1515496655811, 1.3694834, 4.807557, 3.4763808
1515496655831, 1.4939818, 4.31914, 0.23942018
1515496655851, 0.9864111, 3.8307228, 0.78529817
1515496655871, 0.545878, 3.4763808, 1.1779473
1515496655891, 0.34476504, 4.012682, 1.9153614
1515496655911, 0.37349546, 4.1276035, 2.6527755
1515496655931, 0.7086837, 4.9416323, 3.1794999
1515496655951, 0.7086837, 6.2728086, 2.930503
1515496655971, 0.7182605, 8.408437, 3.4380736
1515496655991, 0.58418524, 10.745177, 4.1659107
1515496656011, -0.009576807, 13.417107, 4.4340615
1515496656031, -0.2873042, 15.2367, 5.93762
1515496656051, -0.24899697, 11.884817, 9.940725
1515496656071, 0.48841715, 8.839393, 4.76925
1515496656091, 0.8523358, 15.801731, 3.2944214
1515496656111, -2.087744, 15.993267, 2.2218192
1515496656131, -4.501099, 11.57836, 1.3215994
1515496656151, -2.528277, 5.9759274, 2.2505496
1515496656171, -1.685518, 8.446744, -0.5650316
1515496656190, 0.60333884, 8.2169, -1.9632454
1515496656211, 1.8962077, 9.184157, -0.9864111
1515496656231, 1.8387469, 10.084377, 0.17238252
1515496656251, 1.0247183, 10.036493, -0.17238252
1515496656271, 0.7182605, 9.969456, 0.2681506
1515496656291, 0.48841715, 10.323798, 0.7469909
1515496656311, 0.4213795, 9.289502, 0.641646
1515496656331, 0.17238252, 8.322245, 0.58418524
1515496656351, -0.51714754, 7.3166804, 0.34476504
1515496656371, -1.1013328, 5.9759274, -0.20111294
1515496656391, -1.4269443, 5.4779334, -0.60333884
1515496656411, -0.9959879, 6.397307, -0.12449849
1515496656430, -0.25857377, 7.479486, 0.4213795
1515496656451, 0.41180268, 8.418014, 0.47884035
1515496656471, 0.4309563, 9.050082, 0.4405331
1515496656491, 0.2681506, 9.509769, 0.1436521
1515496656511, 0.7182605, 10.649409, -1.1875241
1515496656531, 1.6950948, 11.15698, -0.9864111
1515496656551, 2.5953147, 11.549629, -0.6991069
1515496656571, 2.719813, 12.152967, -0.78529817
1515496656591, 2.72939, 12.794614, -0.6512229
1515496656611, 1.5610195, 14.317327, -1.5897499
1515496656631, -0.8331822, 15.610195, 0.11492168
1515496656651, -0.40222588, 13.781025, -1.4269443
1515496656670, -0.05746084, 12.459426, -3.323152
1515496656691, -1.043872, 10.534488, -3.1986535
1515496656711, -2.0590134, 9.787497, -2.336741
1515496656731, -4.31914, 11.061212, -1.982399
1515496656751, -4.453215, 12.583924, -0.93852705
1515496656771, -2.920926, 14.020445, 0.4309563
1515496656791, -1.7812861, 14.930242, 3.3806129
1515496656811, -1.0055647, 12.727576, 1.1587936
1515496656831, -1.1779473, 9.988609, 0.34476504
1515496656851, 0.1340753, 8.8777, 1.1204864
1515496656871, 0.02873042, 7.9966335, 0.8714894
1515496656891, 1.6376339, 2.4899697, 0.81402856
1515496656911, 0.641646, 2.633622, 0.20111294
1515496656931, 0.7565677, 2.7389667, 0.58418524
1515496656951, 0.4213795, 3.5434184, 1.3311762
1515496656971, 0.0, 4.4436383, 2.6910827
1515496656991, 0.038307227, 5.813122, 3.4859576
1515496657011, 0.2873042, 7.4603324, 3.86903
1515496657030, 0.90979666, 8.916007, 4.5202527
1515496657051, 1.4556746, 10.7356, 4.6255975
1515496657071, 1.9728222, 12.928689, 4.9799395
1515496657091, 2.0494366, 14.010868, 5.3247046
1515496657111, 1.3982137, 11.951855, 7.029376
1515496657131, 2.1930888, 9.873688, 8.303091
1515496657151, 0.90979666, 11.444284, 4.0892963
1515496657171, 1.1875241, 15.916653, 3.667917
1515496657191, -3.8594532, 16.548721, 0.9672575
1515496657211, -4.3766007, 11.032481, 1.3215994
1515496657231, -4.4436383, 7.4124484, 0.7757214
1515496657251, -1.8004397, 7.5561004, -1.436521
1515496657271, -0.62249243, 7.52737, -0.24899697
1515496657291, 1.1013328, 7.9966335, -0.59376204
1515496657311, 0.6991069, 10.812215, -0.25857377
1515496657331, 0.7278373, 9.528923, -0.22026655
1515496657351, 0.89064306, 9.481039, -0.59376204
1515496657371, 0.20111294, 9.251195, -0.1436521
1515496657391, -0.12449849, 8.523358, 0.5554548
1515496657411, -0.62249243, 7.728483, 1.8674773
1515496657431, -1.3599066, 6.205771, 0.7565677
1515496657451, -1.0534488, 5.6215854, -0.12449849
1515496657471, 0.038307227, 7.2783732, -0.49799395
1515496657491, 0.89064306, 8.801085, -0.62249243
1515496657511, 1.4652514, 8.485051, -0.6895301
1515496657531, 1.3982137, 8.063671, -0.63206923
1515496657551, 0.31603462, 7.843405, 0.019153614
1515496657571, -0.1436521, 9.174581, 0.40222588
1515496657591, 0.6991069, 11.358093, -1.1109096
1515496657611, 1.8770541, 11.271901, -1.0630256
1515496657631, 1.6950948, 10.007763, -0.39264908
1515496657651, 1.7046716, 11.798626, 0.18195933
1515496657671, 2.2218192, 13.062764, 0.05746084
1515496657691, 0.90979666, 13.713987, -0.35434186
1515496657711, -0.5554548, 15.820885, -0.21068975
1515496657731, 0.19153613, 13.311762, -3.3327289
1515496657750, 0.41180268, 11.760319, -4.4436383
1515496657771, -1.0151415, 10.409989, -2.815581
1515496657790, -1.9728222, 10.409989, -0.89064306
1515496657811, -4.4723687, 12.239159, -1.3790601
1515496657831, -4.3478703, 14.010868, -1.3599066
1515496657851, -2.9496565, 15.840038, 2.873042
1515496657871, -0.78529817, 15.380352, 3.8786068
1515496657891, -0.9576807, 11.884817, -0.5746084
1515496657911, -0.12449849, 8.63828, -0.08619126
1515496657931, 1.0247183, 6.2823853, 2.9496565
1515496657951, 1.5035586, 3.9456444, 0.6703765
1515496657971, 1.0342951, 3.9552212, 0.19153613
1515496657991, 0.7182605, 3.3039982, 0.5746084
1515496658011, 0.23942018, 2.4995465, 0.641646
1515496658031, 0.36391866, 2.7868507, 1.4556746
1515496658051, 0.49799395, 4.185065, 2.6623523
1515496658071, 0.90979666, 5.2768207, 2.5570073
1515496658091, 1.2066777, 7.029376, 3.1411927
1515496658111, 1.3694834, 9.308656, 4.3766007
1515496658131, 1.532289, 11.693281, 4.8937483
1515496658151, 0.94810385, 14.949395, 5.439626
1515496658171, 0.6703765, 11.597513, 7.1826053
1515496658191, 1.2641385, 9.078813, 7.2687964
1515496658211, 0.7469909, 12.315774, 4.7788267
1515496658231, 1.1587936, 15.275007, 7.0485296
1515496658251, -2.4229321, 14.135366, 2.8060043
1515496658271, -2.825158, 12.497733, 3.821146
1515496658291, -3.3518825, 6.244078, 2.183512
1515496658311, -2.480393, 8.791509, 0.02873042
1515496658331, -0.22984336, 10.352529, -0.22026655
1515496658351, 0.8523358, 9.097966, -1.2641385
1515496658371, 0.90979666, 9.998186, -1.1683705
1515496658391, 0.7565677, 9.586384, 2.0685902
1515496658411, 0.6607997, 9.394848, 1.934515
1515496658431, 0.41180268, 9.998186, 0.7469909
1515496658451, -0.45968673, 9.490616, 0.49799395
1515496658471, 0.019153614, 8.360553, 0.2681506
1515496658491, -0.1340753, 7.6614456, 1.1109096
1515496658511, -0.45010993, 6.933608, 0.7086837
1515496658531, -0.49799395, 6.799533, 0.23942018
1515496658551, -0.4213795, 6.9719152, -0.1340753
1515496658571, 0.48841715, 7.431602, -0.038307227
1515496658591, 0.7374141, 7.029376, 0.51714754
1515496658611, 0.7374141, 7.2687964, -0.11492168
1515496658631, 0.8331822, 8.111555, -0.93852705
1515496658650, 1.2641385, 9.433155, -0.47884035
1515496658671, 1.2737153, 10.333375, -0.60333884
1515496658690, 1.7812861, 10.381259, -1.3120226
1515496658711, 2.4995465, 10.821792, -0.5554548
1515496658731, 1.9057846, 12.191275, 0.10534488
1515496658751, 1.8579005, 13.081918, 0.5554548
1515496658771, 0.90021986, 14.872781, -1.7908629
1515496658791, -0.4405331, 17.00841, 0.0
1515496658811, -0.038307227, 15.179238, -1.5131354
1515496658831, -0.78529817, 13.541605, -3.5913026
1515496658851, -1.388637, 10.67814, -2.9879637
1515496658871, -2.1260512, 9.902418, -1.13964
1515496658891, -2.9592333, 10.141838, -1.8291701
1515496658911, -3.4284968, 11.559206, -2.2122424
1515496658931, -2.1260512, 13.541605, -0.842759
1515496658951, -0.37349546, 16.318878, 4.3957543
1515496658971, -0.2777274, 14.077906, 1.1013328
1515496658991, -0.8810662, 8.686164, -0.4405331
1515496659011, -0.49799395, 7.4603324, 1.0342951
1515496659031, 1.3120226, 3.4763808, 4.865018
1515496659051, 1.091756, 3.217807, 0.22984336
1515496659071, 0.7374141, 3.6487634, 0.9768343
1515496659091, 0.4405331, 3.265691, 1.2162545
1515496659111, 0.40222588, 2.9496565, 1.8100165
1515496659131, 0.47884035, 3.763685, 2.7868507
1515496659151, 0.842759, 5.554548, 3.2944214
1515496659171, 0.91937345, 7.201759, 3.1316159
1515496659191, 1.2066777, 9.011775, 4.2042184
1515496659211, 1.9249382, 10.103531, 3.6487634
1515496659231, 2.1930888, 13.01488, 5.1140146
1515496659251, 1.4939818, 14.317327, 5.841852
1515496659271, 0.2777274, 10.888829, 6.789956
1515496659291, -0.40222588, 12.105083, 5.6982
1515496659311, 0.7086837, 14.355634, 6.0142345
1515496659331, -0.40222588, 12.229582, 3.8594532
1515496659351, -1.4748282, 9.911995, 2.873042
1515496659370, -2.6240451, 10.390836, 1.5035586
1515496659391, -1.9153614, 10.553641, 1.7046716
1515496659411, 1.3599066, 7.8146744, -2.1739352
1515496659431, 0.82360536, 9.155427, -1.5610195
1515496659451, 1.4748282, 9.203311, -1.4173675
1515496659471, 1.4460979, 9.011775, 0.8619126
1515496659491, 1.4460979, 8.954314, 2.5378537
1515496659511, 0.6703765, 8.983045, 0.641646
1515496659531, -0.02873042, 8.686164, 0.545878
1515496659551, -0.6703765, 7.8146744, 1.5227122
1515496659571, -0.25857377, 7.1059904, 0.49799395
1515496659591, 0.06703765, 7.565677, -0.05746084
1515496659611, 0.1340753, 7.728483, -0.1436521
1515496659631, 0.23942018, 7.747637, 0.08619126
1515496659651, 0.1340753, 7.28795, 0.33518824
1515496659671, -0.047884032, 6.694188, 0.22984336
1515496659691, -0.16280572, 6.83784, -0.24899697
1515496659711, -0.41180268, 7.479486, -0.82360536
1515496659731, -0.24899697, 8.408437, -0.1340753
1515496659751, 0.32561144, 9.959879, -0.34476504
1515496659771, 2.0207062, 11.061212, -0.46926352
1515496659791, 3.9935284, 12.660539, -0.8523358
1515496659811, 3.8977604, 13.8480625, -0.33518824
1515496659831, 1.5514427, 12.957419, -0.009576807
1515496659851, -0.545878, 16.749836, -2.815581
1515496659871, -1.9632454, 15.370775, -0.641646
1515496659891, -0.61291564, 12.947843, -4.0414124
1515496659911, -1.7908629, 11.827356, -3.8498764
1515496659931, -2.9592333, 10.237606, -2.72939
1515496659951, -4.663905, 10.898406, -0.9959879
1515496659971, -5.5162406, 13.599066, -1.1492168
1515496659991, -4.31914, 14.585477, -0.11492168
1515496660011, -2.4708161, 15.016433, 1.8004397
1515496660031, -1.541866, 13.522451, 1.6472107
1515496660051, -2.1930888, 10.831368, 0.33518824
1515496660071, -1.1300632, 10.0269165, 0.10534488
1515496660091, 0.24899697, 5.7365074, 2.3654714
1515496660111, 0.7182605, 5.1523223, 0.49799395
1515496660131, 0.94810385, 4.261679, 0.79487497
1515496660151, 0.7469909, 2.8921957, 0.60333884
1515496660171, 0.58418524, 2.6431987, 1.1875241
1515496660191, 0.89064306, 3.2369606, 1.6950948
1515496660211, 1.13964, 4.4244847, 2.8443117
1515496660231, 1.4748282, 5.3821654, 3.8977604
1515496660251, 1.5993267, 5.947197, 4.654328
1515496660271, 2.3942018, 7.1347213, 4.7022123
1515496660291, 2.5953147, 9.586384, 4.213795
1515496660311, 1.4748282, 12.4785795, 5.7843914
1515496660331, 0.4213795, 15.820885, 8.00621
1515496660351, -0.6799533, 12.066776, 8.532935
1515496660371, -1.5514427, 11.070788, 5.631162
1515496660391, -0.80445176, 14.901511, 4.9799395
1515496660411, -1.8195933, 13.177686, 4.462792
1515496660431, -2.432509, 13.781025, 2.1547816
1515496660451, -1.9057846, 10.199299, 2.7485435
1515496660471, -2.2601264, 9.126697, -0.49799395
1515496660491, -0.7565677, 10.170568, 0.82360536
1515496660511, 0.9576807, 9.950302, -0.19153613
1515496660531, 1.0055647, 10.0269165, -0.7661445
1515496660551, 0.91937345, 9.14585, -0.7757214
1515496660571, -0.05746084, 8.599973, 1.484405
1515496660591, 0.076614454, 8.6095495, 0.05746084
1515496660611, -0.50757074, 8.590396, -0.06703765
1515496660631, -1.2545617, 8.034941, 0.9576807
1515496660651, 0.11492168, 7.1059904, 0.08619126
1515496660671, -0.22026655, 7.4124484, -0.22026655
1515496660691, 0.19153613, 8.063671, -0.19153613
1515496660711, 1.13964, 8.054094, 0.20111294
1515496660731, 1.0151415, 7.28795, 0.29688102
1515496660751, 1.0630256, 6.5218053, -0.58418524
1515496660771, 1.0726024, 6.8761473, -0.7757214
1515496660790, 0.7661445, 8.264784, -0.40222588
1515496660811, 0.1436521, 9.097966, -0.21068975
1515496660831, 0.48841715, 10.6398325, -1.4460979
1515496660851, 1.8770541, 12.172121, -0.1436521
1515496660871, 2.2601264, 12.373235, 0.9672575
1515496660891, 2.0590134, 12.717999, 0.2777274
1515496660911, 1.7238252, 13.340492, -0.047884032
1515496660931, 1.1109096, 13.694834, 0.45968673
1515496660951, -0.047884032, 16.338032, -1.4652514
1515496660971, -0.9768343, 14.010868, -0.23942018
1515496660991, 0.51714754, 13.158532, -5.171476
1515496661011, 0.15322891, 10.955867, -4.5298295
1515496661031, -1.1204864, 10.6398325, -3.7062242
1515496661051, -2.96881, 11.032481, -3.2369606
1515496661071, -4.5777135, 12.430696, -2.2505496
1515496661091, -2.6240451, 14.930242, 2.3750482
1515496661111, -0.1436521, 14.853627, 4.1276035
1515496661131, -0.93852705, 11.511322, -2.1068976
1515496661151, -0.46926352, 8.494628, 0.6991069
1515496661171, 1.0726024, 4.903325, 5.3438582
1515496661191, 0.89064306, 4.6255975, 0.23942018
1515496661211, 0.80445176, 4.3957543, 0.6512229
1515496661231, 0.7469909, 3.0262709, 0.41180268
1515496661251, 0.6703765, 2.0015526, 0.6799533
1515496661271, 0.79487497, 1.8866309, 1.4077905
1515496661291, 0.50757074, 3.9360676, 2.6431987
1515496661311, 0.33518824, 5.363012, 3.0262709
1515496661331, 0.24899697, 6.9719152, 3.8977604
1515496661351, 0.7757214, 8.599973, 4.7788267
1515496661371, 1.6950948, 10.572795, 4.951209
1515496661391, 1.9440918, 13.713987, 5.410896
1515496661411, 1.3503298, 13.8959465, 5.765238
1515496661431, 0.047884032, 12.909535, 9.509769
1515496661451, 0.39264908, 7.872135, 7.038953
1515496661471, -0.5267244, 15.342045, 4.7405195
1515496661491, -2.327164, 17.688362, 2.6431987
1515496661511, -4.223372, 10.333375, 2.8443117
1515496661531, -3.2752678, 4.0318356, -0.019153614
1515496661551, -1.5131354, 9.873688, 0.047884032
1515496661571, 0.38307226, 10.381259, -0.37349546
1515496661591, 2.2026656, 9.80665, -1.6950948
1515496661611, 1.484405, 9.126697, -1.2449849
1515496661631, 1.1109096, 8.992621, -1.0151415
1515496661651, 0.32561144, 9.969456, 3.1316159
1515496661671, 0.2681506, 10.275913, 2.3558946
1515496661691, 0.038307227, 9.193734, 0.4309563
1515496661711, 0.11492168, 8.418014, 0.19153613
1515496661731, -0.842759, 7.5848308, 0.6607997
1515496661751, -0.8523358, 6.435614, 0.39264908
1515496661771, -0.33518824, 6.3111157, -0.2873042
1515496661791, 0.32561144, 7.192182, -0.59376204
1515496661811, 0.7182605, 7.9870567, -0.34476504
1515496661831, 0.5650316, 7.699753, 0.4309563
1515496661851, 0.46926352, 6.9719152, 0.5746084
1515496661871, 0.25857377, 6.895301, -0.038307227
1515496661891, 0.51714754, 7.603985, -0.35434186
1515496661910, 0.8331822, 9.634268, -0.6607997
1515496661931, 0.7278373, 10.43872, -0.8810662
1515496661951, 1.5801731, 11.33894, -0.7661445
1515496661971, 2.4516625, 13.024457, 0.05746084
1515496661991, 2.2505496, 12.947843, -0.076614454
1515496662011, 1.292869, 13.685257, 0.60333884
1515496662031, 1.2449849, 14.250289, 1.6567876
1515496662051, 0.9576807, 17.219099, -2.0207062
1515496662071, -0.076614454, 12.928689, -0.5363012
1515496662091, 0.4405331, 12.689269, -5.5641246
1515496662111, -1.2545617, 10.620679, -5.085284
1515496662131, -1.9919758, 9.615114, -3.7732618
1515496662151, -2.4229321, 9.864111, -3.1316159
1515496662171, -3.466804, 11.760319, -2.4037786
1515496662191, -3.4093432, 15.093047, -0.17238252
1515496662211, -1.2449849, 15.897499, 6.6271505
1515496662231, -1.043872, 13.292608, -0.4309563
1515496662251, -1.8195933, 10.429143, 0.8619126
1515496662271, -0.7565677, 10.170568, 1.484405
1515496662291, 0.038307227, 6.5984197, 2.0207062
1515496662311, 0.15322891, 6.2249246, 0.8331822
1515496662331, 0.62249243, 3.7253778, 0.62249243
1515496662351, 0.6895301, 2.1739352, 0.5267244
1515496662371, 1.1300632, 1.340753, 0.8331822
1515496662391, 0.90979666, 3.064578, 2.231396
1515496662411, 1.4077905, 3.9935284, 2.4899697
1515496662431, 1.541866, 5.439626, 2.9113493
1515496662451, 1.6950948, 6.5218053, 3.9073372
1515496662471, 1.436521, 8.379706, 3.8402996
1515496662491, 0.80445176, 10.390836, 3.7924154
1515496662511, 0.009576807, 13.733141, 5.1810527
1515496662531, -1.13964, 13.464991, 5.8705826
1515496662551, -1.1683705, 10.342952, 7.4124484
1515496662571, -0.25857377, 9.241618, 6.7133417
1515496662591, 0.6512229, 15.121778, 4.4819455
1515496662611, 0.16280572, 15.8304615, 6.0238113
1515496662631, -3.9935284, 13.953407, 1.1875241
1515496662651, -3.1411927, 10.5440645, 4.501099
1515496662671, -2.8060043, 6.895301, 1.4269443
1515496662691, -1.8004397, 11.693281, -0.7086837
1515496662711, 0.0, 9.787497, 0.32561144
1515496662731, 1.1971009, 9.241618, -0.34476504
1515496662751, 1.1013328, 8.580819, 0.16280572
1515496662771, 1.6089035, 9.3661175, 3.4380736
1515496662791, 1.685518, 10.208876, 1.6759412
1515496662811, 1.2162545, 10.879252, 1.13964
1515496662831, 0.5746084, 10.429143, 0.36391866
1515496662851, -0.16280572, 9.050082, 1.1683705
1515496662871, -0.45968673, 7.1826053, 1.4173675
1515496662891, -0.6799533, 5.9280434, 0.89064306
1515496662911, -0.6895301, 5.66947, -0.40222588
1515496662931, -0.51714754, 6.1866174, -1.1013328
1515496662951, -0.2681506, 7.872135, -0.45010993
1515496662971, 0.51714754, 8.341399, 0.90021986
1515496662991, 0.82360536, 7.536947, 0.39264908
1515496663011, 0.5267244, 6.3781533, -1.2258313
1515496663031, 0.31603462, 6.8761473, -1.4077905
1515496663050, 0.80445176, 8.63828, -1.043872
1515496663071, 1.283292, 10.611102, -1.0342951
1515496663091, 1.3503298, 10.649409, -0.50757074
1515496663111, 1.4077905, 10.888829, -0.4213795
1515496663131, 2.0398598, 13.570335, 0.7182605
1515496663151, 2.72939, 16.539145, -0.9768343
1515496663171, 1.4077905, 15.064317, -1.3120226
1515496663191, 0.4213795, 16.40507, -2.9783869
1515496663211, -0.7086837, 14.010868, -2.528277
1515496663231, -1.8387469, 11.798626, -2.920926
1515496663251, -3.1507695, 11.444284, -3.1986535
1515496663271, -4.060566, 12.133814, -0.9959879
1515496663291, -4.0222588, 12.220005, -1.4556746
1515496663311, -2.2218192, 12.871228, 1.1875241
1515496663331, -0.36391866, 14.748282, 3.466804
1515496663351, -0.6703765, 11.894394, 0.7469909
1515496663371, -0.51714754, 9.433155, -1.2641385
1515496663391, 0.009576807, 6.081272, 1.3694834
1515496663411, 0.7374141, 3.5913026, 1.2162545
1515496663431, 0.5650316, 4.146757, 0.22984336
1515496663451, 0.34476504, 4.271256, 1.3215994
1515496663471, -0.019153614, 4.462792, 1.8579005
1515496663491, -0.08619126, 4.2521024, 2.1547816
1515496663511, 0.33518824, 4.367024, 2.4229321
1515496663530, 1.043872, 3.9552212, 2.6623523
1515496663551, 1.1013328, 4.8745947, 3.016694
1515496663570, 1.0630256, 6.4164605, 3.715801
1515496663591, 0.9768343, 10.486604, 4.55856
1515496663611, 0.79487497, 13.637373, 5.439626
1515496663631, 0.7565677, 16.031574, 6.301539
1515496663651, -1.2737153, 14.5567465, 6.8186865
1515496663671, -1.0630256, 16.85518, 5.9184666
1515496663691, -0.047884032, 18.990808, 5.2289367
1515496663711, -1.685518, 13.522451, 4.8458643
1515496663731, -1.7142484, 3.4572272, 3.4572272
1515496663751, -2.4420857, 4.2425256, -1.0821792
1515496663771, 0.076614454, 9.299079, -1.5227122
1515496663791, 0.82360536, 9.605537, -1.2162545
1515496663811, 0.8714894, 13.110648, -0.48841715
1515496663831, 0.4213795, 11.425131, -0.2873042
1515496663851, 0.5746084, 9.490616, 2.1930888
1515496663871, 0.47884035, 8.916007, 1.9440918
1515496663890, 0.095768064, 8.015787, 0.62249243
1515496663911, -0.45010993, 6.83784, 0.59376204
1515496663930, -0.02873042, 7.0102224, 0.545878
1515496663951, -0.41180268, 8.054094, 0.35434186
1515496663971, 0.29688102, 8.350976, -0.038307227
1515496663991, -0.08619126, 7.9583263, 0.1340753
1515496664010, 0.16280572, 5.985504, 0.46926352
1515496664031, 0.15322891, 5.9759274, 0.33518824
1515496664050, 0.16280572, 7.067683, 0.08619126
1515496664071, 0.31603462, 8.542512, -0.22026655
1515496664091, 0.48841715, 9.653421, 0.076614454
1515496664111, 0.8714894, 10.486604, -0.6799533
1515496664131, 1.9440918, 11.492168, -0.4213795
1515496664151, 2.9113493, 11.827356, 0.30645782
1515496664171, 2.777274, 12.765883, -0.10534488
1515496664190, 2.1643584, 13.005303, -0.31603462
1515496664211, 0.5554548, 14.719552, -2.183512
1515496664231, -1.6089035, 16.385916, -0.047884032
1515496664251, -0.4213795, 13.120225, -3.8019924
1515496664271, -0.2873042, 12.239159, -4.9416323
1515496664291, -1.8674773, 10.936713, -3.2752678
1515496664311, -3.6487634, 10.0748005, -1.6280571
1515496664331, -5.2863975, 11.87524, -0.47884035
1515496664351, -4.9320555, 14.211981, 0.11492168
1515496664371, -2.767697, 14.690822, 2.0685902
1515496664391, -1.283292, 13.64695, 3.4859576
1515496664411, -1.0342951, 11.089942, 0.45010993
1515496664431, -0.21068975, 8.963891, 0.37349546
1515496664451, 0.08619126, 8.082825, 0.641646
1515496664471, 0.93852705, 5.6120086, 2.2984335
1515496664491, 1.5227122, 2.0494366, 0.19153613
1515496664511, 0.641646, 3.064578, 0.5554548
1515496664531, 0.38307226, 3.2944214, 1.1971009
1515496664551, 0.2873042, 3.667917, 1.6950948
1515496664571, 0.06703765, 4.453215, 2.1452048
1515496664591, 0.12449849, 6.1100025, 3.1507695
1515496664611, 0.39264908, 7.297527, 3.8402996
1515496664631, 0.7182605, 8.42759, 4.807557
1515496664651, 0.8331822, 10.649409, 4.76925
1515496664671, 0.8810662, 12.890382, 4.855441
1515496664691, 0.82360536, 14.480132, 6.244078
1515496664711, 0.82360536, 11.195287, 5.544971
1515496664731, 1.4173675, 9.490616, 7.7093296
1515496664751, 0.076614454, 12.966996, 5.00867
1515496664771, 0.8810662, 17.401058, 5.4300494
1515496664790, -2.8060043, 15.313314, 1.7717092
1515496664811, -4.0797195, 11.089942, 1.13964
1515496664831, -4.1276035, 3.7924154, 0.24899697
1515496664851, -0.45010993, 6.493075, -1.1204864
1515496664871, 0.91937345, 8.485051, -0.38307226
1515496664891, 0.7374141, 11.501745, 1.3024458
1515496664911, 0.92895025, 12.306197, 1.6663644
1515496664931, 0.9959879, 9.768343, 1.3120226
1515496664951, 1.3790601, 8.7532015, 0.019153614
1515496664971, 0.4405331, 8.341399, -0.08619126
1515496664991, -0.10534488, 7.201759, 0.8714894
1515496665011, -0.10534488, 6.5984197, 0.6991069
1515496665031, -0.7182605, 6.6750345, 0.15322891
1515496665051, -0.7182605, 7.2783732, 0.076614454
1515496665071, 0.1436521, 7.73806, 0.11492168
1515496665091, 0.37349546, 7.575254, -0.4213795
1515496665111, 1.1875241, 7.249643, -0.1340753
1515496665131, 0.8331822, 7.3549876, -0.18195933
1515496665151, 0.25857377, 7.3071036, -0.41180268
1515496665171, 0.095768064, 8.101978, -0.4213795
1515496665191, 0.4405331, 10.0748005, -1.3599066
1515496665211, 1.3694834, 11.884817, -0.45010993
1515496665231, 2.8060043, 12.401965, 0.49799395
1515496665251, 2.4133554, 12.593501, -0.5650316
1515496665271, 1.4077905, 13.388376, -1.1109096
1515496665291, -0.2777274, 17.180792, -1.8387469
1515496665311, -0.8714894, 14.863204, -0.4309563
1515496665331, 0.40222588, 12.957419, -3.2848446
1515496665351, -0.1436521, 10.773908, -3.5817258
1515496665371, -1.5897499, 9.605537, -3.9264908
1515496665391, -3.514688, 11.511322, -2.834735
1515496665411, -4.8458643, 13.694834, -1.3503298
1515496665431, -4.0701427, 14.767436, -0.4309563
1515496665451, -2.3080103, 14.997279, 5.410896
1515496665471, -1.6376339, 11.750742, 0.7469909
1515496665491, -1.5227122, 9.011775, -0.06703765
1515496665511, -0.46926352, 8.025364, 1.4939818
1515496665531, 0.48841715, 6.0525417, 2.0207062
1515496665551, 0.51714754, 5.793968, 1.1013328
1515496665571, 0.47884035, 4.0222588, 1.0821792
1515496665590, 0.38307226, 3.5625722, 1.1013328
1515496665611, 0.25857377, 3.371036, 1.3790601
1515496665631, 0.2873042, 3.7253778, 2.135628
1515496665651, 0.6703765, 4.6830587, 3.064578
1515496665671, 0.82360536, 6.9144545, 4.2425256
1515496665691, 1.2162545, 7.0964136, 4.865018
1515496665711, 1.1013328, 9.452309, 4.55856
1515496665731, 0.41180268, 13.158532, 5.851429
1515496665751, 0.2681506, 16.395493, 7.5082164
1515496665771, -0.78529817, 11.587936, 8.858546
1515496665791, 1.1300632, 6.9623384, 8.695741
1515496665811, 0.019153614, 12.497733, 3.4284968
1515496665830, -0.38307226, 16.845604, 2.5378537
1515496665851, -4.414908, 13.800179, 0.37349546
1515496665871, -3.2561142, 12.411542, 2.4037786
1515496665891, -1.4269443, 6.9623384, 2.4708161
1515496665911, -1.6759412, 7.73806, -1.8004397
1515496665931, 0.29688102, 10.084377, 0.19153613
1515496665951, 3.0262709, 8.111555, -1.9440918
1515496665971, 1.3694834, 9.902418, -0.60333884
1515496665990, -0.1436521, 10.381259, 2.3942018
1515496666011, 0.009576807, 9.586384, 1.388637
1515496666031, 0.2777274, 9.442732, 0.31603462
1515496666051, -0.6512229, 8.935161, 0.58418524
1515496666071, 0.1436521, 7.651869, 0.7086837
1515496666091, -0.11492168, 6.483498, 0.4405331
1515496666110, -0.6703765, 6.0621185, 0.08619126
1515496666131, -0.38307226, 6.3781533, 0.009576807
1515496666151, 0.5746084, 7.489063, 0.20111294
1515496666171, 0.78529817, 8.169016, 0.17238252
1515496666190, 1.0055647, 8.149862, 0.095768064
1515496666211, 0.641646, 7.785944, -0.21068975
1515496666230, 0.0, 8.00621, -0.32561144
1515496666251, -0.63206923, 9.423578, -1.1492168
1515496666271, -0.05746084, 11.33894, -1.388637
1515496666291, 2.0494366, 12.756307, 0.62249243
1515496666311, 2.7581203, 13.292608, 0.50757074
1515496666331, 3.2561142, 12.660539, -0.48841715
1515496666351, 3.064578, 13.599066, -1.4460979
1515496666371, 1.3215994, 16.682798, -1.5514427
1515496666391, 0.18195933, 14.202404, -1.5514427
1515496666411, -0.10534488, 13.350069, -3.3423057
1515496666431, -1.685518, 11.070788, -3.5434184
1515496666451, -2.480393, 10.065224, -2.528277
1515496666471, -4.0414124, 11.3964, -2.9400797
1515496666491, -4.261679, 12.890382, -1.1300632
1515496666511, -2.6623523, 14.049175, 1.043872
1515496666531, -1.0151415, 14.623784, 4.012682
1515496666551, -0.90979666, 11.453861, 0.047884032
1515496666571, -0.9672575, 8.7053175, -0.009576807
1515496666590, -0.10534488, 8.532935, 0.45010993
1515496666611, 1.1013328, 4.8458643, 3.916914
1515496666631, 0.81402856, 4.5872903, -0.22026655
1515496666651, 0.59376204, 4.223372, 0.45010993
1515496666671, -0.047884032, 3.7732618, 0.91937345
1515496666691, -0.35434186, 3.4572272, 1.6089035
1515496666711, -0.48841715, 4.003105, 2.4995465
1515496666731, 0.06703765, 4.644751, 2.5378537
1515496666751, 0.5746084, 5.6407394, 2.7581203
1515496666771, 1.0534488, 6.7229185, 3.5529952
1515496666791, 1.2641385, 8.264784, 4.453215
1515496666811, 1.5801731, 11.042058, 4.9224787
1515496666831, 1.9057846, 12.909535, 5.363012
1515496666851, 1.1875241, 12.842498, 5.4683566
1515496666871, 1.283292, 11.530476, 6.895301
1515496666891, 2.834735, 7.929596, 7.872135
1515496666911, 0.8810662, 12.890382, 3.8594532
1515496666931, 0.30645782, 17.937359, 3.620033
1515496666951, -5.9567738, 15.02601, -1.1204864
1515496666971, -5.5162406, 5.410896, 1.3982137
1515496666991, -3.4859576, 7.795521, 1.4556746
1515496667011, -0.31603462, 8.130709, -0.23942018
1515496667031, 1.4460979, 8.7053175, -0.4405331
1515496667051, 1.4748282, 11.118672, -0.05746084
1515496667071, 1.2449849, 11.377247, 1.9632454
1515496667091, 1.1779473, 10.275913, 1.2258313
1515496667111, 1.3503298, 9.816227, -0.095768064
1515496667131, -0.06703765, 8.66701, 0.22984336
1515496667151, 0.20111294, 7.1251445, 0.80445176
1515496667171, -0.6512229, 6.3781533, 0.81402856
1515496667191, -1.2066777, 5.592855, -0.009576807
1515496667211, -1.2066777, 5.5258174, 0.21068975
1515496667231, -0.1436521, 6.4643445, -0.7278373
1515496667251, 0.7086837, 8.1881695, -0.41180268
1515496667271, 0.8810662, 8.255207, -0.19153613
1515496667291, 0.60333884, 7.2209125, -0.5650316
1515496667311, 0.038307227, 6.7324953, -0.46926352
1515496667331, -0.1340753, 9.289502, -0.038307227
1515496667351, 1.388637, 12.220005, -1.0055647
1515496667371, 1.9919758, 12.038046, -0.1340753
1515496667390, 2.1068976, 12.5264635, 0.1436521
1515496667411, 2.384625, 13.034034, 0.047884032
1515496667431, 1.8195933, 13.22557, 0.2777274
1515496667451, 0.8714894, 16.338032, -2.6048915
1515496667471, -1.043872, 14.326903, -0.21068975
1515496667491, -0.009576807, 12.421119, -5.267244
1515496667511, -0.9768343, 11.434708, -4.367024
1515496667531, -1.8483237, 10.67814, -3.0933087
1515496667551, -3.5913026, 11.626244, -3.3614593
1515496667571, -5.0661306, 13.685257, -2.3942018
1515496667591, -3.9073372, 15.121778, -0.2873042
1515496667611, -1.9057846, 14.5567465, 3.9743748
1515496667631, -1.2258313, 12.411542, 0.50757074
1515496667650, -0.89064306, 9.797073, 1.1013328
1515496667671, -0.5363012, 8.983045, 0.33518824
1515496667691, -0.12449849, 8.42759, 0.59376204
1515496667711, 1.1587936, 5.2959743, 4.414908
1515496667731, 0.9576807, 3.8881836, 0.076614454
1515496667751, 0.7565677, 3.7445314, 0.21068975
1515496667771, 0.51714754, 3.1124623, 1.283292
1515496667791, 0.37349546, 3.1028855, 1.9440918
1515496667811, 0.34476504, 3.8498764, 2.2697031
1515496667831, 0.36391866, 5.707777, 2.8634653
1515496667851, 0.50757074, 7.2687964, 3.9073372
1515496667875, 1.1300632, 8.676587, 4.5681367
1515496667891, 2.1260512, 10.28549, 3.9552212
1515496667911, 1.9728222, 11.942278, 3.8594532
1515496667931, 0.9672575, 12.593501, 4.5777135
1515496667951, 0.24899697, 10.524911, 5.631162
1515496667970, 0.93852705, 8.781932, 8.00621
1515496667991, 0.4309563, 11.252748, 5.583278
1515496668010, 0.20111294, 15.600618, 3.6774938
1515496668031, -0.61291564, 14.231135, 5.0278234
1515496668050, -2.2984335, 13.072341, 2.7581203
1515496668071, -1.6184803, 9.069236, 2.4708161
1515496668091, -2.2601264, 6.5026517, -1.7812861
1515496668111, -0.7757214, 9.653421, 0.82360536
1515496668131, 1.3024458, 8.724471, 0.7565677
1515496668151, 1.7908629, 8.8777, -0.81402856
1515496668171, 0.7565677, 10.429143, -0.095768064
1515496668191, 0.8810662, 10.0748005, 2.6623523
1515496668210, 0.59376204, 10.601525, 0.82360536
1515496668231, 0.35434186, 9.701305, 0.10534488
1515496668251, 0.81402856, 8.714894, 0.06703765
1515496668271, 0.009576807, 7.833828, 0.37349546
1515496668291, -0.40222588, 6.4739213, -0.17238252
1515496668311, -0.8810662, 5.659893, -0.39264908
1515496668331, -0.8810662, 5.659893, -0.63206923
1515496668351, -0.4213795, 6.8569937, -0.38307226
1515496668371, -0.038307227, 8.00621, 0.5650316
1515496668391, 0.047884032, 8.130709, 0.38307226
1515496668411, 0.22026655, 7.690176, -0.076614454
1515496668431, 0.15322891, 7.929596, -0.31603462
1515496668451, 0.63206923, 9.873688, -0.78529817
1515496668471, 1.8291701, 12.018892, -0.45968673
1515496668491, 2.815581, 12.488156, -0.8810662
1515496668511, 2.9400797, 12.459426, -0.2681506
1515496668531, 2.4995465, 12.5743475, 0.82360536
1515496668551, 1.3311762, 14.144943, -1.436521
1515496668571, -1.3215994, 15.619772, 0.23942018
1515496668591, -0.25857377, 13.350069, -3.3518825
1515496668611, -1.091756, 12.047623, -4.367024
1515496668631, -2.3463178, 10.869676, -2.528277
1515496668651, -4.003105, 11.760319, -3.064578
1515496668671, -5.0278234, 13.953407, -2.0111294
1515496668691, -4.4915223, 14.968549, -0.11492168
1515496668711, -3.7445314, 14.288596, 2.6048915
1515496668731, -2.3942018, 12.603078, 2.0590134
1515496668751, -1.7142484, 9.749189, 0.78529817
1515496668771, -0.6703765, 8.724471, 0.8331822
1515496668791, 0.25857377, 8.197746, 0.6895301
1515496668811, 1.2258313, 5.104438, 3.4572272
1515496668831, 1.1683705, 4.2521024, 0.39264908
1515496668853, 0.82360536, 3.4093432, 0.7182605
1515496668871, 0.8331822, 3.064578, 1.2066777
1515496668891, 0.7086837, 3.5338416, 1.7429788
1515496668911, 0.7278373, 4.2425256, 2.5953147
1515496668931, 1.1109096, 4.8267107, 3.0262709
1515496668951, 1.2258313, 6.0716953, 3.3997664
1515496668971, 1.4652514, 7.3071036, 4.261679
1515496668991, 1.4556746, 9.308656, 4.462792
1515496669011, 0.60333884, 13.464991, 5.3821654
1515496669031, 0.545878, 16.242264, 8.063671
1515496669051, 0.047884032, 11.042058, 8.446744
1515496669071, 0.33518824, 9.844957, 5.48751
1515496669091, 0.9576807, 17.630901, 3.8881836
1515496669111, -1.4077905, 18.435352, 2.2218192
1515496669131, -3.9360676, 9.902418, 3.5913026
1515496669151, -2.96881, 1.8100165, 0.7565677
1515496669171, -2.1643584, 8.561666, -1.733402
1515496669191, 0.2873042, 9.873688, -0.5650316
1515496669211, 1.1587936, 11.540052, -0.32561144
1515496669231, 0.8714894, 11.932701, -0.11492168
1515496669251, 0.8331822, 9.844957, 1.5035586
1515496669271, 0.7086837, 8.504205, 0.5650316
1515496669291, 0.5650316, 8.073248, 0.58418524
1515496669311, 0.10534488, 7.920019, 0.9576807
1515496669331, 0.5363012, 8.149862, 0.6991069
1515496669351, -0.4309563, 8.7053175, 0.6607997
1515496669371, -0.33518824, 7.872135, 0.10534488
1515496669391, -0.6607997, 6.5026517, -0.21068975
1515496669411, -0.7469909, 5.4300494, -0.39264908
1515496669431, -0.08619126, 6.6271505, -0.29688102
1515496669451, 0.40222588, 7.680599, -0.4405331
1515496669471, 0.81402856, 8.37013, -0.4405331
1515496669491, 0.11492168, 9.222465, 0.62249243
1515496669511, -0.46926352, 10.28549, 0.2681506
1515496669531, 0.29688102, 10.879252, -0.9576807
1515496669551, 2.4995465, 11.434708, 0.076614454
1515496669571, 3.7445314, 11.415554, -0.40222588
1515496669591, 3.7541082, 13.22557, -0.5650316
1515496669611, 2.2601264, 13.694834, -1.3599066
1515496669631, 0.30645782, 16.16565, -1.3215994
1515496669651, 0.16280572, 14.700398, -0.5746084
1515496669671, 0.23942018, 12.852075, -2.930503
1515496669691, -0.29688102, 10.783484, -3.6008794
1515496669711, -2.0494366, 9.730036, -2.2601264
1515496669731, -3.3423057, 10.582372, -2.3558946
1515496669751, -3.7445314, 12.670115, -0.9864111
1515496669771, -3.217807, 14.106636, -0.25857377
1515496669791, -2.0685902, 15.140931, 2.5761611
1515496669810, -1.8100165, 13.091495, 1.3120226
1515496669831, -2.336741, 10.783484, 0.076614454
1515496669851, 0.20111294, 9.174581, 0.8714894
1515496669871, 0.095768064, 8.0924015, 0.48841715
1515496669891, 0.51714754, 7.7189064, 0.47884035
1515496669911, 0.8331822, 4.175488, 0.6703765
1515496669931, 0.019153614, 3.5913026, -0.18195933
1515496669951, 0.1340753, 4.1371803, 1.1109096
1515496669971, -0.10534488, 4.185065, 1.685518
1515496669991, 0.12449849, 4.5394063, 2.9400797
1515496670011, 0.39264908, 5.889736, 2.585738
1515496670030, 0.18195933, 7.5944076, 3.5242648
1515496670051, 0.63206923, 11.482592, 4.548983
1515496670070, -0.9576807, 9.902418, 3.667917
1515496670091, 0.15322891, 14.010868, 5.9567738
1515496670111, -0.047884032, 11.587936, 6.38773
1515496670131, -1.6376339, 11.712435, 7.374141
1515496670151, 1.8195933, 11.463438, 6.090849
1515496670171, 0.91937345, 10.764331, 2.5187001
1515496670190, -0.34476504, 9.050082, 2.777274
1515496670211, -2.1739352, 9.662998, -1.2066777
1515496670231, 0.12449849, 11.702858, 0.2777274
1515496670251, 1.0821792, 10.955867, -1.4748282
1515496670271, 0.06703765, 9.308656, -2.432509
1515496670291, -0.095768064, 8.379706, -0.38307226
1515496670311, 0.2777274, 13.273455, 4.8745947
1515496670331, 1.1971009, 12.957419, 0.6512229
1515496670351, 0.59376204, 11.9135475, -1.2354081
1515496670371, 0.7469909, 10.783484, -0.32561144
1515496670390, 0.59376204, 9.299079, 0.12449849
1515496670411, 0.16280572, 8.456321, -0.047884032
1515496670431, -0.10534488, 7.4603324, -0.30645782
1515496670451, -0.41180268, 7.967903, -0.90979666
1515496670471, -1.1683705, 9.768343, 1.0821792
1515496670491, -0.45010993, 9.682152, 2.7389667
1515496670511, 0.45010993, 7.9583263, 0.91937345
1515496670531, -0.8810662, 4.7022123, -7.383718
1515496670551, -1.6089035, 7.6135616, 5.8226986
1515496670571, 0.16280572, 11.118672, 3.514688
1515496670591, 1.7908629, 12.650962, 3.9552212
1515496670611, 3.5051112, 11.358093, 0.842759
1515496670631, 0.038307227, 10.582372, -0.02873042
1515496670651, -0.08619126, 10.0748005, 0.1340753
1515496670671, 0.019153614, 11.224017, 0.94810385
1515496670691, 0.34476504, 9.624691, -0.7278373
1515496670711, -1.2354081, 11.683704, 0.7469909
1515496670731, -2.4229321, 10.6877165, -1.091756
1515496670751, 2.6048915, -3.0071173, -1.1779473
1515496670771, -2.2026656, 10.534488, 2.815581
1515496670791, -1.13964, 12.6222315, 2.7389667
1515496670811, -1.6472107, 12.258312, 1.0055647
1515496670831, -1.7525556, 10.831368, 2.1068976
1515496670851, -2.27928, 10.141838, 2.681506
1515496670871, -1.9153614, 10.036493, 3.8786068
1515496670891, -1.1587936, 9.662998, 3.4093432
1515496670911, 0.93852705, 8.963891, -0.9672575
1515496670931, 0.20111294, 7.8912888, 0.545878
1515496670951, -1.5610195, 8.485051, 1.5035586
1515496670971, -1.4173675, 8.676587, 0.19153613
1515496670991, 0.18195933, 9.346964, -1.5035586
1515496671011, 1.2258313, 10.160992, 1.5227122
1515496671031, 1.9057846, 9.605537, 0.30645782
1515496671050, 0.79487497, 8.1881695, -2.585738
1515496671071, -0.019153614, 8.121132, -4.462792
1515496671091, -3.8115692, 10.764331, -0.22026655
1515496671111, -2.1930888, 12.0093155, 4.8267107
1515496671131, -0.62249243, 10.5440645, 1.532289
1515496671151, -1.8100165, 10.199299, 4.185065
1515496671171, -2.3175871, 10.007763, 1.7908629
1515496671191, -1.3120226, 9.241618, -2.2122424
1515496671211, 0.41180268, 8.896853, -1.3215994
1515496671231, 0.37349546, 11.84651, -0.2681506
1515496671251, -0.25857377, 14.192827, -1.4556746
1515496671271, 2.4708161, 6.1100025, -1.6280571
1515496671291, -0.076614454, 8.264784, -3.3806129
1515496671311, -3.6774938, 6.483498, 2.4133554
1515496671331, 2.8060043, 10.237606, -0.21068975
1515496671351, -0.5363012, 14.566323, 3.2848446
1515496671371, -1.3120226, 13.522451, 1.9536686
1515496671391, -2.1643584, 15.150508, 1.5993267
1515496671411, -0.32561144, 12.947843, 2.3750482
1515496671431, -0.4309563, 12.229582, -0.37349546
1515496671451, 0.6607997, 11.21444, -2.384625
1515496671471, 0.4309563, 12.08593, -2.9017725
1515496671491, 2.882619, 9.624691, 2.7389667
1515496671511, 3.5625722, 14.298173, -0.23942018
1515496671531, 0.16280572, 9.289502, -3.0358477
1515496671551, -3.6583402, 17.209522, 8.66701
1515496671571, 7.699753, 12.6222315, 0.23942018
1515496671591, 5.4779334, 14.355634, -2.566584
1515496671611, 5.813122, 13.522451, -2.5474305
1515496671631, 4.6926355, 12.995727, 0.4213795
1515496671651, 3.4763808, 12.756307, -3.2369606
1515496671671, 3.3039982, 13.062764, -2.96881
1515496671691, 3.4284968, 12.689269, -3.6870706
1515496671711, 3.2273839, 11.003751, -4.1946416
1515496671731, 3.7541082, 8.848969, -4.1180267
1515496671751, 4.3287168, 7.067683, -1.9632454
1515496671771, 0.20111294, 9.883265, -0.61291564
1515496671791, 0.49799395, 7.1634517, 0.2681506
1515496671811, 0.29688102, 4.6351743, -1.8291701
1515496671831, 0.06703765, 3.572149, -0.7565677
1515496671851, -0.6512229, 4.6830587, 0.842759
1515496671871, -0.45968673, 6.215348, 3.0933087
1515496671891, 0.5363012, 5.5162406, 3.3039982
1515496671911, 0.37349546, 4.9320555, 2.3463178
1515496671931, -0.8523358, 5.813122, 1.484405
1515496671951, -0.51714754, 4.8937483, 2.9592333
1515496671971, 0.5363012, 8.868123, -1.8100165
1515496671991, 1.9153614, 5.0278234, 12.583924
1515496672011, 1.2449849, 8.264784, 8.916007
1515496672031, 1.8100165, 7.785944, 7.345411
1515496672051, 1.4460979, 5.717354, 6.789956
1515496672071, 0.6799533, 6.291962, 4.271256
1515496672090, 0.6895301, 5.3821654, 7.9487495
1515496672111, 1.3503298, 4.1180267, 7.680599
1515496672131, 0.50757074, 3.9456444, 7.7667904
1515496672151, 0.545878, 4.223372, 7.4986396
1515496672171, -0.08619126, 4.663905, 8.360553
1515496672191, -0.22026655, 5.1906295, 8.599973
1515496672211, 0.4213795, 4.903325, 8.954314
1515496672231, -2.7581203, 6.4643445, 4.2904096
1515496672251, -2.9400797, 4.1180267, 4.596867
1515496672271, -2.7485435, 5.4300494, 15.140931
1515496672291, 0.038307227, 4.711789, 9.346964
1515496672311, 1.2066777, 6.033388, 7.2113357
1515496672331, 2.1164744, 7.249643, 9.337387
1515496672351, -0.20111294, 5.401319, 9.184157
1515496672371, -0.51714754, 4.673482, 9.710882
1515496672391, 0.59376204, 5.104438, 9.11712
1515496672411, -0.2681506, 4.8458643, 8.169016
1515496672431, -0.5554548, 3.8402996, 8.973468
1515496672451, 0.33518824, 4.185065, 10.43872
1515496672471, 1.532289, 5.1810527, 6.9623384
1515496672491, 0.20111294, 5.3438582, 5.1235914
1515496672511, -2.1164744, 5.161899, 7.0102224
1515496672531, -1.6280571, 4.644751, 9.548077
1515496672551, -1.0630256, 4.185065, 9.768343
1515496672571, -0.45968673, 3.7062242, 10.208876
1515496672591, -0.81402856, 3.5529952, 9.423578
1515496672611, 0.78529817, 0.7182605, 11.118672
1515496672631, 0.6799533, 1.7717092, 11.616667
1515496672651, -0.45968673, 3.169923, 9.069236
1515496672671, -0.4405331, 3.7253778, 7.3166804
1515496672691, -0.8810662, 4.3861775, 6.847417
1515496672711, -1.8004397, 4.3478703, 7.536947
1515496672731, 0.08619126, 3.0933087, 7.795521
1515496672751, 0.545878, 3.514688, 8.935161
1515496672770, -1.8195933, 4.3957543, 9.002198
1515496672791, -2.2505496, 4.5298295, 8.839393
1515496672810, -1.4652514, 4.146757, 8.130709
1515496672831, -0.94810385, 4.2999864, 8.465898
1515496672854, -1.8387469, 4.807557, 7.9966335
1515496672878, -2.1260512, 4.3957543, 7.038953
1515496672896, -0.29688102, 3.6487634, 8.580819
1515496672914, -0.37349546, 3.5913026, 7.441179
1515496672934, -0.50757074, 3.1028855, 6.1387334
1515496672954, 2.2409728, 2.5187001, 12.871228
1515496672974, 0.90979666, 4.1276035, 10.860099
1515496672994, 2.5761611, 2.6527755, 3.8402996
1515496673014, 0.47884035, 3.8498764, 12.871228
1515496673034, 2.183512, 1.9153614, 11.36767
1515496673054, 2.4708161, 2.2888567, 11.022904
1515496673075, 0.5746084, 3.6774938, 12.26789
1515496673094, -0.19153613, 1.8579005, 11.597513
1515496673114, 0.22026655, 2.4995465, 8.379706
1515496673134, 0.5363012, 3.2082303, 7.8625584
1515496673154, 0.4309563, 1.1971009, 9.32781
1515496673174, 0.842759, 0.7182605, 11.865664
1515496673194, 0.7661445, 0.92895025, 11.971008
1515496673214, -0.12449849, 1.1204864, 11.032481
1515496673235, -0.6799533, 1.9536686, 9.835381
1515496673259, -0.047884032, 2.0015526, 8.513782
1515496673274, -0.009576807, 1.733402, 9.059659
1515496673294, 0.05746084, 1.7142484, 9.816227
1515496673314, 0.11492168, 1.6184803, 9.787497
1515496673334, -0.6991069, 1.8866309, 9.80665
1515496673354, -0.25857377, 1.5705963, 9.260772
1515496673374, -0.16280572, 2.0973208, 9.002198
1515496673394, -0.5363012, 1.7238252, 10.25676
1515496673427, -0.45968673, 1.8100165, 9.739613
1515496673437, -0.39264908, 1.8291701, 9.634268
1515496673466, -0.34476504, 1.982399, 9.5385
1515496673491, -0.30645782, 2.0973208, 10.70687
1515496673501, -0.33518824, 2.1164744, 10.831368
1515496673514, -0.41180268, 1.5131354, 11.463438
1515496673534, -0.29688102, 2.3175871, 10.295067
1515496673554, 0.05746084, 2.5570073, 8.504205
1515496673574, -0.12449849, 2.9496565, 7.0485296
1515496673594, -0.18195933, 3.2944214, 8.542512
1515496673614, -0.10534488, 3.169923, 9.576807
1515496673633, 0.076614454, 3.0550013, 9.32781
1515496673654, 0.15322891, 3.371036, 8.523358
1515496673674, 0.1436521, 3.6008794, 8.389283
1515496673693, 0.33518824, 3.3614593, 9.279925
1515496673716, 0.16280572, 3.4284968, 9.576807
1515496673733, 0.0, 3.7732618, 9.337387
1515496673754, 0.15322891, 3.7732618, 9.519346
1515496673774, 0.10534488, 3.6774938, 9.797073
1515496673793, 0.019153614, 3.6487634, 9.77792
1515496673814, 0.1340753, 3.6008794, 9.624691
1515496673834, 0.0, 3.5625722, 9.299079
1515496673854, 0.009576807, 3.763685, 9.212888
1515496673873, 0.08619126, 3.6966474, 9.241618
1515496673894, 0.076614454, 3.7541082, 9.270349
1515496673914, 0.0, 3.8019924, 8.714894
1515496673934, -0.15322891, 3.821146, 8.781932
1515496673954, -0.076614454, 3.8594532, 9.193734
1515496673974, 0.22984336, 3.9360676, 9.394848
1515496673994, 0.6512229, 3.9552212, 9.165004
1515496674014, 0.49799395, 4.2042184, 8.848969
1515496674034, 0.35434186, 4.223372, 8.973468
1515496674054, 0.29688102, 4.060566, 9.14585
1515496674074, 0.11492168, 3.8881836, 9.346964
1515496674094, 0.34476504, 4.098873, 8.781932
1515496674114, 0.7757214, 4.223372, 8.599973
1515496674134, 0.7757214, 4.280833, 8.791509
1515496674154, 0.842759, 4.3861775, 8.90643
1515496674174, 0.90021986, 4.501099, 8.820239
1515496674194, 0.78529817, 4.5872903, 8.743625
1515496674214, 0.61291564, 4.3478703, 8.848969
1515496674234, 0.7469909, 4.367024, 9.030929
1515496674254, 0.9576807, 4.280833, 9.279925
1515496674274, 0.8810662, 4.232949, 9.270349
1515496674294, 0.92895025, 4.4244847, 8.8777
1515496674314, 0.9576807, 4.4340615, 8.542512
1515496674334, 1.3790601, 4.759673, 6.3302693
1515496674354, 2.2888567, 4.7405195, 8.293514
1515496674374, 1.9728222, 4.7884035, 9.787497
1515496674394, 1.5227122, 5.1523223, 9.557653
